0	0.555262
0	0.554693
0	0.555013
0	0.55365
0	0.554474
0	0.555201
0	0.553971
0	0.554862
0	0.55509
0	0.553833
0	0.554111
0	0.55502
0	0.554696
0	0.554198
0	0.555139
0	0.554401
0	0.554468
0	0.555308
0	0.554604
0	0.55465
0	0.555275
0	0.554502
0	0.554255
0	0.555255
0	0.55466
0	0.554442
0	0.555358
0	0.554447
0	0.554399
0	0.555403
0	0.555029
0	0.554863
0	0.555186
0	0.554942
0	0.554436
0	0.555423
0	0.555191
0	0.554811
0	0.555318
0	0.55499
0	0.554741
0	0.555446
0	0.555179
0	0.554709
0	0.555151
0	0.555234
0	0.554762
0	0.55527
0	0.555194
0	0.554663
0	0.555568
0	0.55532
0	0.554599
0	0.555299
0	0.555078
0	0.554319
0	0.555157
0	0.555221
0	0.554401
0	0.555136
0	0.555194
0	0.554592
0	0.555298
0	0.555135
0	0.554551
0	0.555178
0	0.555262
0	0.554724
0	0.555195
0	0.555624
0	0.554911
0	0.555214
0	0.55531
0	0.554522
0	0.55522
0	0.55536
0	0.554486
0	0.554767
0	0.555237
0	0.554459
0	0.555115
0	0.555234
0	0.554336
0	0.5551
0	0.555219
0	0.55461
0	0.554643
0	0.555277
0	0.554284
0	0.554839
0	0.555347
0	0.554294
0	0.55468
0	0.555137
0	0.554424
0	0.554862
0	0.555409
0	0.55429
0	0.554352
0	0.555135
0	0.554268
0	0.554637
0	0.555304
0	0.55445
0	0.554616
0	0.555031
0	0.554239
0	0.554952
0	0.555201
0	0.554022
0	0.554715
0	0.555245
0	0.554366
0	0.555089
0	0.555159
0	0.55455
0	0.554751
0	0.55533
0	0.554626
0	0.554748
0	0.555314
0	0.554645
0	0.554781
0	0.555146
0	0.554634
0	0.554624
0	0.555269
0	0.554545
0	0.554225
0	0.555259
0	0.554754
0	0.554776
0	0.555259
0	0.55464
0	0.554679
0	0.555235
0	0.555211
0	0.554928
0	0.555248
0	0.55516
0	0.554789
0	0.555066
0	0.5553
0	0.554649
0	0.5552
0	0.55486
0	0.554555
0	0.555235
0	0.554873
0	0.554672
0	0.555664
0	0.555361
0	0.555143
0	0.555444
0	0.55516
0	0.55449
0	0.555235
0	0.555563
0	0.554609
0	0.555237
0	0.555265
0	0.554696
0	0.555192
0	0.555303
0	0.555235
0	0.555197
0	0.555337
0	0.554574
0	0.555368
0	0.555204
0	0.554336
0	0.5551
0	0.555408
0	0.554504
0	0.555318
0	0.555562
0	0.554348
0	0.5553
0	0.555302
0	0.55489
0	0.555055
0	0.554967
0	0.554391
0	0.555005
0	0.555315
0	0.554169
0	0.554759
0	0.555276
0	0.554328
0	0.5549
0	0.555127
0	0.554236
0	0.554875
0	0.555245
0	0.554712
0	0.555175
0	0.555064
0	0.553449
0	0.552592
0	0.554277
0	0.557648
0	0.554485
0	0.553496
0	0.552012
0	0.54982
0	0.552395
0	0.550995
0	0.555107
0	0.556386
0	0.553167
0	0.553171
0	0.553191
0	0.550849
0	0.552669
0	0.554918
0	0.552033
0	0.553465
0	0.554946
0	0.552036
0	0.543247
0	0.547632
0	0.540223
0	0.531046
0	0.536385
0	0.554309
0	0.555191
0	0.553167
0	0.546471
0	0.519842
0	0.509528
0	0.474616
0	0.503998
0	0.525842
0	0.527254
0	0.520376
0	0.523653
0	0.51985
0	0.514227
0	0.517567
0	0.510766
0	0.517865
0	0.519715
0	0.523021
0	0.519743
0	0.519997
0	0.509822
0	0.518938
0	0.519591
0	0.513116
0	0.518696
0	0.522039
0	0.52312
0	0.516654
0	0.518493
0	0.510301
0	0.520304
0	0.519931
0	0.522417
0	0.518546
0	0.518447
0	0.507456
0	0.519981
0	0.519891
0	0.522833
0	0.522611
0	0.51998
0	0.517817
0	0.519908
0	0.520601
0	0.513916
0	0.519475
0	0.518219
0	0.513978
0	0.519918
0	0.525116
0	0.522986
0	0.516929
0	0.517934
0	0.512786
0	0.51993
0	0.521571
0	0.5228
0	0.518055
0	0.519616
0	0.517052
0	0.497922
0	0.518253
0	0.522118
0	0.523036
0	0.519262
0	0.512674
0	0.51797
0	0.517428
0	0.513413
0	0.491646
0	0.519841
0	0.524147
0	0.51855
0	0.516804
0	0.513552
0	0.496264
0	0.518361
0	0.521446
0	0.518961
0	0.514094
0	0.509995
0	0.519209
0	0.519449
0	0.515595
0	0.507135
0	0.519426
0	0.522276
0	0.523671
0	0.522256
0	0.520095
0	0.513672
0	0.519148
0	0.520047
0	0.520728
0	0.514811
0	0.516177
0	0.514063
0	0.52051
0	0.52055
0	0.518879
0	0.513285
0	0.520335
0	0.51995
0	0.514319
0	0.517315
0	0.518706
0	0.515248
0	0.51157
0	0.519409
0	0.520194
0	0.518813
0	0.512969
0	0.518521
0	0.522861
0	0.523503
0	0.517634
0	0.518151
0	0.509165
0	0.518448
0	0.521631
0	0.522734
0	0.518005
0	0.518299
0	0.507904
0	0.518922
0	0.521437
0	0.521497
0	0.517838
0	0.518427
0	0.506238
0	0.519411
0	0.521795
0	0.519953
0	0.515957
0	0.511055
0	0.521883
0	0.521753
0	0.519661
0	0.511688
0	0.521011
0	0.522232
0	0.522839
0	0.514876
0	0.523216
0	0.523507
0	0.51909
0	0.519332
0	0.509274
0	0.520568
0	0.521279
0	0.522968
0	0.512191
0	0.516672
0	0.512443
0	0.51856
0	0.518781
0	0.514648
0	0.518206
0	0.518528
0	0.514431
0	0.519609
0	0.519281
0	0.512821
0	0.5204
0	0.521277
0	0.513854
0	0.518899
0	0.520139
0	0.512411
0	0.519754
0	0.519009
0	0.512757
0	0.519937
0	0.518815
0	0.512874
0	0.520489
0	0.519361
0	0.512337
0	0.518954
0	0.518661
0	0.515623
0	0.491033
0	0.516882
0	0.524576
0	0.522837
0	0.520594
0	0.516608
0	0.501809
0	0.518327
0	0.520145
0	0.520898
0	0.518261
0	0.514495
0	0.504917
0	0.517456
0	0.522279
0	0.521662
0	0.517263
0	0.511972
0	0.520314
0	0.519664
0	0.516566
0	0.50957
0	0.518228
0	0.523762
0	0.521866
0	0.516019
0	0.520244
0	0.513594
0	0.518568
0	0.521103
0	0.523402
0	0.518129
0	0.517972
0	0.507594
0	0.519843
0	0.523598
0	0.523033
0	0.517543
0	0.519231
0	0.512357
0	0.519131
0	0.522201
0	0.521102
0	0.512639
0	0.52039
0	0.513486
0	0.520073
0	0.520926
0	0.524679
0	0.520935
0	0.517866
0	0.506842
0	0.518068
0	0.521379
0	0.523619
0	0.519036
0	0.517008
0	0.503543
0	0.519351
0	0.520583
0	0.525844
0	0.519396
0	0.518422
0	0.506839
0	0.517873
0	0.519826
0	0.524128
0	0.523437
0	0.518049
0	0.522838
0	0.518158
0	0.520083
0	0.510335
0	0.518495
0	0.519842
0	0.522278
0	0.518628
0	0.518451
0	0.509393
0	0.519066
0	0.522704
0	0.523473
0	0.518145
0	0.516459
0	0.510431
0	0.520541
0	0.520404
0	0.523978
0	0.519299
0	0.518904
0	0.503607
0	0.517851
0	0.520437
0	0.525114
0	0.520519
0	0.519515
0	0.511476
0	0.519496
0	0.523057
0	0.522068
0	0.523078
0	0.519051
0	0.508413
0	0.519332
0	0.520182
0	0.514171
0	0.519942
0	0.520301
0	0.515489
0	0.51903
0	0.523248
0	0.524842
0	0.519382
0	0.518379
0	0.509684
0	0.518081
0	0.523051
0	0.522426
0	0.518119
0	0.516445
0	0.511208
0	0.520974
0	0.521042
0	0.521889
0	0.521808
0	0.518967
0	0.512196
0	0.518576
0	0.517479
0	0.510431
0	0.519433
0	0.520559
0	0.516906
0	0.501131
0	0.516757
0	0.523616
0	0.520785
0	0.517116
0	0.510757
0	0.518528
0	0.516193
0	0.511617
0	0.520676
0	0.524613
0	0.521052
0	0.517187
0	0.519168
0	0.523364
0	0.518783
0	0.51246
0	0.518921
0	0.51356
0	0.518447
0	0.522976
0	0.523716
0	0.519765
0	0.521123
0	0.51293
0	0.518573
0	0.520628
0	0.520719
0	0.515006
0	0.520443
0	0.51496
0	0.51863
0	0.522673
0	0.522306
0	0.517058
0	0.5205
0	0.513983
0	0.517891
0	0.521306
0	0.522919
0	0.519669
0	0.513479
0	0.51923
0	0.516572
0	0.510733
0	0.520437
0	0.519244
0	0.521941
0	0.510953
0	0.520335
0	0.522305
0	0.521328
0	0.515265
0	0.520031
0	0.510859
0	0.518717
0	0.520832
0	0.524182
0	0.51949
0	0.516426
0	0.507696
0	0.519808
0	0.522504
0	0.523243
0	0.519779
0	0.520274
0	0.507819
0	0.519206
0	0.520528
0	0.523684
0	0.519007
0	0.517286
0	0.508486
0	0.520875
0	0.523733
0	0.524371
0	0.519551
0	0.525208
0	0.52511
0	0.51719
0	0.516913
0	0.509259
0	0.519686
0	0.520932
0	0.520919
0	0.522638
0	0.518247
0	0.514661
0	0.518868
0	0.522665
0	0.522062
0	0.522548
0	0.52257
0	0.514476
0	0.518286
0	0.519298
0	0.522919
0	0.523468
0	0.51986
0	0.51486
0	0.518922
0	0.519994
0	0.5166
0	0.519117
0	0.522218
0	0.522402
0	0.517376
0	0.517985
0	0.523552
0	0.519145
0	0.515416
0	0.511109
0	0.5202
0	0.523171
0	0.52184
0	0.517594
0	0.518726
0	0.519553
0	0.515022
0	0.517903
0	0.522488
0	0.519113
0	0.51755
0	0.514952
0	0.496013
0	0.518649
0	0.523256
0	0.520753
0	0.516518
0	0.519931
0	0.514666
0	0.518243
0	0.523074
0	0.523301
0	0.518481
0	0.513124
0	0.516582
0	0.511869
0	0.506918
0	0.517741
0	0.519228
0	0.520642
0	0.515731
0	0.519233
0	0.519258
0	0.509994
0	0.518762
0	0.525986
0	0.522509
0	0.517177
0	0.520695
0	0.517073
0	0.519
0	0.524094
0	0.523792
0	0.518532
0	0.513839
0	0.518652
0	0.51462
0	0.513557
0	0.49405
0	0.5188
0	0.523227
0	0.524437
0	0.523642
0	0.522444
0	0.514966
0	0.517819
0	0.519998
0	0.523757
0	0.520767
0	0.520297
0	0.511716
0	0.518915
0	0.521293
0	0.51891
0	0.514584
0	0.518841
0	0.521985
0	0.518734
0	0.518912
0	0.505486
0	0.5185
0	0.522571
0	0.524024
0	0.522936
0	0.520681
0	0.504655
0	0.518018
0	0.524022
0	0.524619
0	0.520684
0	0.523689
0	0.525267
0	0.523561
0	0.521758
0	0.509514
0	0.519872
0	0.521475
0	0.523361
0	0.523901
0	0.520933
0	0.510459
0	0.517863
0	0.519749
0	0.52357
0	0.519668
0	0.520373
0	0.512299
0	0.520514
0	0.520751
0	0.521539
0	0.512093
0	0.519497
0	0.51258
0	0.521538
0	0.520541
0	0.522306
0	0.514542
0	0.517694
0	0.509028
0	0.518466
0	0.519488
0	0.523594
0	0.521708
0	0.520172
0	0.511582
0	0.518169
0	0.520944
0	0.523216
0	0.524808
0	0.52113
0	0.511594
0	0.520687
0	0.519041
0	0.522717
0	0.523996
0	0.519464
0	0.508635
0	0.521642
0	0.523491
0	0.521104
0	0.518831
0	0.515292
0	0.521603
0	0.523853
0	0.520497
0	0.506844
0	0.517239
0	0.518441
0	0.52041
0	0.523105
0	0.520456
0	0.514605
0	0.519964
0	0.517631
0	0.514187
0	0.520416
0	0.520102
0	0.515018
0	0.520088
0	0.517401
0	0.512276
0	0.51932
0	0.519148
0	0.516335
0	0.503808
0	0.518419
0	0.521416
0	0.523578
0	0.520078
0	0.514316
0	0.518903
0	0.515229
0	0.512925
0	0.498167
0	0.518123
0	0.522563
0	0.519609
0	0.513493
0	0.520032
0	0.522035
0	0.51838
0	0.514763
0	0.502174
0	0.518493
0	0.521002
0	0.522204
0	0.517073
0	0.512183
0	0.520749
0	0.521477
0	0.5213
0	0.510039
0	0.520131
0	0.522154
0	0.523852
0	0.519297
0	0.517647
0	0.503659
0	0.519301
0	0.525018
0	0.52042
0	0.516871
0	0.510417
0	0.52027
0	0.519662
0	0.517229
0	0.506923
0	0.518222
0	0.521322
0	0.524402
0	0.520732
0	0.507813
0	0.521008
0	0.522119
0	0.523651
0	0.522687
0	0.522964
0	0.51248
0	0.520114
0	0.523065
0	0.523726
0	0.515325
0	0.518059
0	0.507158
0	0.518399
0	0.521291
0	0.519896
0	0.515624
0	0.515846
0	0.506418
0	0.518896
0	0.522801
0	0.523788
0	0.525244
0	0.52079
0	0.512901
0	0.520284
0	0.519441
0	0.509803
0	0.519617
0	0.523
0	0.522892
0	0.517017
0	0.518697
0	0.52189
0	0.520284
0	0.521052
0	0.50924
0	0.519002
0	0.522036
0	0.522203
0	0.523363
0	0.519182
0	0.512946
0	0.519963
0	0.520618
0	0.522508
0	0.523886
0	0.521175
0	0.513154
0	0.520126
0	0.520091
0	0.523851
0	0.522178
0	0.519998
0	0.512553
0	0.519089
0	0.520672
0	0.52395
0	0.519637
0	0.518354
0	0.510347
0	0.518317
0	0.522471
0	0.524895
0	0.520647
0	0.518181
0	0.510611
0	0.51889
0	0.519234
0	0.520906
0	0.52019
0	0.517799
0	0.514148
0	0.518949
0	0.520328
0	0.516662
0	0.496109
0	0.516786
0	0.52303
0	0.522912
0	0.519645
0	0.515654
0	0.51975
0	0.515824
0	0.512148
0	0.520772
0	0.518497
0	0.515376
0	0.49989
0	0.518612
0	0.522476
0	0.521232
0	0.516713
0	0.511479
0	0.518655
0	0.513934
0	0.508311
0	0.518708
0	0.519256
0	0.516814
0	0.501182
0	0.518815
0	0.523237
0	0.523554
0	0.520646
0	0.515027
0	0.517849
0	0.511092
0	0.518915
0	0.521948
0	0.519178
0	0.51586
0	0.500718
0	0.518354
0	0.522614
0	0.522193
0	0.518697
0	0.514627
0	0.519676
0	0.51674
0	0.514105
0	0.500651
0	0.517819
0	0.521391
0	0.524124
0	0.520937
0	0.519765
0	0.503243
0	0.519186
0	0.524719
0	0.524106
0	0.521312
0	0.519662
0	0.499236
0	0.518088
0	0.52155
0	0.520867
0	0.514517
0	0.518064
0	0.50699
0	0.51855
0	0.521369
0	0.521185
0	0.512018
0	0.520963
0	0.523284
0	0.516449
0	0.519127
0	0.508351
0	0.519182
0	0.522024
0	0.521101
0	0.515043
0	0.519341
0	0.490148
0	0.519904
0	0.521043
0	0.524616
0	0.520473
0	0.521048
0	0.508689
0	0.519367
0	0.522138
0	0.524046
0	0.520014
0	0.519758
0	0.499012
0	0.520313
0	0.520697
0	0.524122
0	0.521842
0	0.520756
0	0.505656
0	0.519402
0	0.520259
0	0.523794
0	0.521844
0	0.522084
0	0.506517
0	0.519552
0	0.52047
0	0.525411
0	0.519207
0	0.519893
0	0.510321
0	0.51908
0	0.519449
0	0.523071
0	0.519218
0	0.520092
0	0.51179
0	0.519659
0	0.521366
0	0.523205
0	0.519544
0	0.519143
0	0.509781
0	0.518243
0	0.522435
0	0.523476
0	0.52307
0	0.520425
0	0.511126
0	0.519049
0	0.51993
0	0.522807
0	0.522872
0	0.519885
0	0.513229
0	0.519273
0	0.521172
0	0.523155
0	0.519025
0	0.516624
0	0.507801
0	0.519146
0	0.522189
0	0.522487
0	0.524209
0	0.518973
0	0.512848
0	0.519884
0	0.521223
0	0.523584
0	0.523125
0	0.521833
0	0.516121
0	0.51991
0	0.515326
0	0.51162
0	0.520435
0	0.520165
0	0.515923
0	0.508038
0	0.518837
0	0.523056
0	0.522989
0	0.518558
0	0.510628
0	0.521077
0	0.519581
0	0.517085
0	0.492731
0	0.516605
0	0.521091
0	0.518846
0	0.516154
0	0.511958
0	0.51937
0	0.51931
0	0.515564
0	0.499443
0	0.518395
0	0.520083
0	0.522861
0	0.520774
0	0.516219
0	0.50635
0	0.518711
0	0.521814
0	0.520592
0	0.517761
0	0.513398
0	0.519918
0	0.517373
0	0.51443
0	0.501745
0	0.518148
0	0.522098
0	0.523092
0	0.519777
0	0.516983
0	0.503882
0	0.519088
0	0.521975
0	0.522853
0	0.516967
0	0.518716
0	0.51136
0	0.519719
0	0.521572
0	0.522702
0	0.520116
0	0.518488
0	0.510491
0	0.518923
0	0.520335
0	0.524142
0	0.523085
0	0.520216
0	0.504802
0	0.518527
0	0.521123
0	0.524065
0	0.522472
0	0.522112
0	0.497786
0	0.518572
0	0.524189
0	0.520986
0	0.512496
0	0.51855
0	0.51381
0	0.518362
0	0.52364
0	0.524344
0	0.515672
0	0.517433
0	0.504211
0	0.518233
0	0.523709
0	0.523652
0	0.521109
0	0.520856
0	0.505229
0	0.517743
0	0.522728
0	0.525143
0	0.522898
0	0.52086
0	0.509864
0	0.519052
0	0.522485
0	0.523542
0	0.521961
0	0.519397
0	0.511169
0	0.519076
0	0.521177
0	0.521872
0	0.517349
0	0.518609
0	0.506263
0	0.519289
0	0.520188
0	0.523777
0	0.523987
0	0.521465
0	0.511496
0	0.518264
0	0.519279
0	0.523821
0	0.51981
0	0.518779
0	0.506526
0	0.519436
0	0.521067
0	0.525596
0	0.521905
0	0.52219
0	0.510451
0	0.518281
0	0.518328
0	0.52313
0	0.519048
0	0.518634
0	0.514136
0	0.51756
0	0.518768
0	0.523485
0	0.523531
0	0.519629
0	0.513677
0	0.517216
0	0.518566
0	0.52173
0	0.516474
0	0.519295
0	0.525942
0	0.521034
0	0.518006
0	0.511957
0	0.518302
0	0.520334
0	0.52275
0	0.522905
0	0.519957
0	0.515482
0	0.520827
0	0.518541
0	0.513264
0	0.518036
0	0.52196
0	0.52112
0	0.517468
0	0.519209
0	0.514203
0	0.518056
0	0.515303
0	0.507162
0	0.519314
0	0.520266
0	0.516789
0	0.490677
0	0.519229
0	0.524644
0	0.522139
0	0.518227
0	0.509582
0	0.520546
0	0.519453
0	0.516023
0	0.4957
0	0.518508
0	0.523245
0	0.523341
0	0.52175
0	0.516149
0	0.517927
0	0.513359
0	0.507487
0	0.520573
0	0.518974
0	0.516545
0	0.503798
0	0.520415
0	0.520741
0	0.521659
0	0.517163
0	0.508585
0	0.518693
0	0.524012
0	0.522634
0	0.51651
0	0.520265
0	0.518046
0	0.519134
0	0.515267
0	0.516733
0	0.507008
0	0.519414
0	0.524328
0	0.522949
0	0.5181
0	0.511107
0	0.520982
0	0.519485
0	0.519505
0	0.508905
0	0.518796
0	0.522192
0	0.519321
0	0.514686
0	0.519541
0	0.509755
0	0.518524
0	0.522275
0	0.524214
0	0.519284
0	0.515408
0	0.521948
0	0.518577
0	0.515218
0	0.501019
0	0.521756
0	0.52399
0	0.521188
0	0.511696
0	0.518294
0	0.502577
0	0.519423
0	0.523227
0	0.523907
0	0.522735
0	0.521586
0	0.510488
0	0.518259
0	0.522951
0	0.522609
0	0.519445
0	0.521415
0	0.509193
0	0.518629
0	0.523858
0	0.522858
0	0.518676
0	0.516701
0	0.499038
0	0.520351
0	0.519853
0	0.523954
0	0.523509
0	0.520176
0	0.50355
0	0.520824
0	0.52328
0	0.524667
0	0.519339
0	0.517865
0	0.504278
0	0.518587
0	0.520673
0	0.523031
0	0.521872
0	0.521136
0	0.508584
0	0.517817
0	0.522315
0	0.524714
0	0.520502
0	0.521003
0	0.502976
0	0.518575
0	0.518001
0	0.522048
0	0.523535
0	0.519104
0	0.501218
0	0.519854
0	0.523309
0	0.525384
0	0.522299
0	0.519735
0	0.509997
0	0.520474
0	0.521932
0	0.523284
0	0.517405
0	0.519183
0	0.522591
0	0.521377
0	0.519536
0	0.505684
0	0.519538
0	0.521793
0	0.52137
0	0.517595
0	0.518962
0	0.522366
0	0.519861
0	0.518035
0	0.501776
0	0.521675
0	0.521905
0	0.531396
0	0.522879
0	0.517827
0	0.521601
0	0.519375
0	0.51266
0	0.521932
0	0.521006
0	0.519809
0	0.514121
0	0.519549
0	0.524075
0	0.522708
0	0.517416
0	0.519155
0	0.522183
0	0.518857
0	0.515931
0	0.512175
0	0.518414
0	0.516508
0	0.51395
0	0.518519
0	0.518324
0	0.513516
0	0.485831
0	0.518273
0	0.523096
0	0.522101
0	0.519328
0	0.513395
0	0.518295
0	0.514506
0	0.520641
0	0.521666
0	0.516395
0	0.506063
0	0.519716
0	0.521463
0	0.521757
0	0.517026
0	0.519317
0	0.515363
0	0.505381
0	0.517287
0	0.522696
0	0.523906
0	0.518824
0	0.515332
0	0.518599
0	0.513505
0	0.517339
0	0.511365
0	0.519755
0	0.520559
0	0.521481
0	0.515518
0	0.521345
0	0.513745
0	0.520383
0	0.523551
0	0.523562
0	0.520074
0	0.520409
0	0.510985
0	0.519979
0	0.522752
0	0.52239
0	0.512813
0	0.52012
0	0.503235
0	0.518172
0	0.522982
0	0.52275
0	0.51676
0	0.514893
0	0.498991
0	0.522093
0	0.52122
0	0.523758
0	0.519154
0	0.511285
0	0.519737
0	0.515167
0	0.516041
0	0.506712
0	0.51896
0	0.523044
0	0.526686
0	0.519157
0	0.520037
0	0.504512
0	0.520065
0	0.522082
0	0.523772
0	0.517109
0	0.519302
0	0.508248
0	0.518973
0	0.520433
0	0.524769
0	0.520486
0	0.517901
0	0.504506
0	0.518336
0	0.520136
0	0.523994
0	0.523672
0	0.520671
0	0.507927
0	0.519027
0	0.52341
0	0.524431
0	0.514687
0	0.518279
0	0.509288
0	0.519547
0	0.523644
0	0.523607
0	0.51451
0	0.518456
0	0.506968
0	0.517704
0	0.519582
0	0.525051
0	0.523641
0	0.519194
0	0.506895
0	0.519985
0	0.52442
0	0.523017
0	0.518053
0	0.518369
0	0.510586
0	0.51838
0	0.521965
0	0.521513
0	0.517687
0	0.514843
0	0.504423
0	0.518303
0	0.522265
0	0.523736
0	0.522555
0	0.519713
0	0.511665
0	0.519136
0	0.519884
0	0.520203
0	0.518072
0	0.521525
0	0.523725
0	0.51912
0	0.515891
0	0.507075
0	0.520708
0	0.520478
0	0.525848
0	0.520324
0	0.516489
0	0.521032
0	0.518383
0	0.518737
0	0.515642
0	0.488923
0	0.517502
0	0.522451
0	0.518327
0	0.516117
0	0.512134
0	0.519908
0	0.520655
0	0.52407
0	0.524303
0	0.520328
0	0.512031
0	0.518331
0	0.514004
0	0.509951
0	0.518415
0	0.519389
0	0.514121
0	0.490367
0	0.51966
0	0.520184
0	0.522824
0	0.518759
0	0.514518
0	0.489958
0	0.518918
0	0.521129
0	0.522779
0	0.519983
0	0.516617
0	0.506627
0	0.518099
0	0.523533
0	0.524568
0	0.519329
0	0.515704
0	0.518582
0	0.514125
0	0.520403
0	0.523117
0	0.519206
0	0.51896
0	0.501675
0	0.519142
0	0.523134
0	0.52313
0	0.518965
0	0.519917
0	0.506384
0	0.519062
0	0.521478
0	0.523317
0	0.522739
0	0.520623
0	0.507021
0	0.521445
0	0.52048
0	0.523024
0	0.518393
0	0.517405
0	0.501405
0	0.520647
0	0.523168
0	0.523763
0	0.522944
0	0.519352
0	0.498515
0	0.518131
0	0.523491
0	0.524756
0	0.522711
0	0.522383
0	0.504389
0	0.519522
0	0.521272
0	0.523723
0	0.519129
0	0.518797
0	0.500159
0	0.519309
0	0.525404
0	0.524426
0	0.519008
0	0.517443
0	0.500385
0	0.519256
0	0.523839
0	0.525443
0	0.519819
0	0.518966
0	0.506595
0	0.519328
0	0.521393
0	0.524412
0	0.523645
0	0.519137
0	0.509416
0	0.518946
0	0.522564
0	0.521572
0	0.519604
0	0.519511
0	0.522778
0	0.520032
0	0.518468
0	0.508013
0	0.519668
0	0.520792
0	0.523241
0	0.524785
0	0.521065
0	0.510552
0	0.518834
0	0.523816
0	0.522684
0	0.516867
0	0.519562
0	0.515605
0	0.51856
0	0.519519
0	0.51456
0	0.519479
0	0.520235
0	0.525349
0	0.523431
0	0.519935
0	0.516816
0	0.518676
0	0.518278
0	0.513395
0	0.517938
0	0.516315
0	0.513426
0	0.519223
0	0.515999
0	0.511672
0	0.518117
0	0.522058
0	0.523243
0	0.51917
0	0.521745
0	0.520689
0	0.522702
0	0.518642
0	0.515736
0	0.492174
0	0.519731
0	0.524625
0	0.522056
0	0.521072
0	0.516876
0	0.497385
0	0.518516
0	0.523025
0	0.52172
0	0.520265
0	0.514509
0	0.521117
0	0.515944
0	0.513319
0	0.498786
0	0.518368
0	0.523708
0	0.522561
0	0.520165
0	0.516721
0	0.506002
0	0.518448
0	0.523471
0	0.525293
0	0.518965
0	0.521328
0	0.513954
0	0.518813
0	0.521686
0	0.522081
0	0.5141
0	0.51633
0	0.498203
0	0.519261
0	0.520882
0	0.52366
0	0.519202
0	0.518651
0	0.507748
0	0.518337
0	0.522282
0	0.522602
0	0.514737
0	0.519367
0	0.505146
0	0.520026
0	0.522055
0	0.523599
0	0.519244
0	0.518029
0	0.505252
0	0.519182
0	0.523379
0	0.52666
0	0.521657
0	0.52082
0	0.507523
0	0.51933
0	0.522944
0	0.525012
0	0.520777
0	0.519968
0	0.509119
0	0.518969
0	0.520077
0	0.5236
0	0.517105
0	0.5144
0	0.523828
0	0.520033
0	0.51959
0	0.502033
0	0.519097
0	0.521646
0	0.52306
0	0.52146
0	0.520183
0	0.507318
0	0.518963
0	0.520703
0	0.522643
0	0.518593
0	0.520961
0	0.524249
0	0.519911
0	0.51769
0	0.508382
0	0.519421
0	0.521214
0	0.52438
0	0.523141
0	0.521034
0	0.512626
0	0.518157
0	0.517791
0	0.524346
0	0.523133
0	0.51993
0	0.511568
0	0.52139
0	0.522038
0	0.521874
0	0.520927
0	0.51761
0	0.507668
0	0.521575
0	0.518593
0	0.524211
0	0.523763
0	0.520024
0	0.515859
0	0.520927
0	0.52121
0	0.524355
0	0.522524
0	0.51635
0	0.521548
0	0.514999
0	0.520303
0	0.517125
0	0.519157
0	0.51536
0	0.507539
0	0.518768
0	0.51962
0	0.515028
0	0.491898
0	0.517502
0	0.521284
0	0.524081
0	0.523901
0	0.518715
0	0.520463
0	0.515602
0	0.521695
0	0.512289
0	0.519315
0	0.522672
0	0.523812
0	0.516143
0	0.520538
0	0.510786
0	0.519368
0	0.520946
0	0.522151
0	0.518973
0	0.514375
0	0.518644
0	0.515135
0	0.52075
0	0.516064
0	0.51967
0	0.520143
0	0.521892
0	0.512232
0	0.521245
0	0.524483
0	0.519766
0	0.521837
0	0.504788
0	0.5195
0	0.521184
0	0.524898
0	0.519896
0	0.518617
0	0.503271
0	0.519054
0	0.522249
0	0.524071
0	0.5198
0	0.519722
0	0.51186
0	0.519855
0	0.520081
0	0.524283
0	0.520692
0	0.517688
0	0.50382
0	0.519442
0	0.522969
0	0.524211
0	0.52258
0	0.521193
0	0.506043
0	0.520288
0	0.522493
0	0.525408
0	0.522813
0	0.521812
0	0.506288
0	0.519667
0	0.522344
0	0.523506
0	0.518303
0	0.518159
0	0.503409
0	0.518836
0	0.520532
0	0.525006
0	0.520657
0	0.519762
0	0.501024
0	0.517639
0	0.52213
0	0.523533
0	0.522893
0	0.520891
0	0.506793
0	0.519161
0	0.521292
0	0.523427
0	0.521925
0	0.520286
0	0.509457
0	0.520509
0	0.525091
0	0.523614
0	0.522744
0	0.519549
0	0.511918
0	0.519028
0	0.519451
0	0.523183
0	0.524002
0	0.521811
0	0.506264
0	0.520589
0	0.52097
0	0.524005
0	0.522837
0	0.520018
0	0.513561
0	0.518954
0	0.519419
0	0.524621
0	0.523468
0	0.520013
0	0.514568
0	0.520792
0	0.517299
0	0.509719
0	0.518937
0	0.518758
0	0.522251
0	0.523013
0	0.518228
0	0.514075
0	0.521508
0	0.518449
0	0.515017
0	0.502606
0	0.517221
0	0.520696
0	0.521968
0	0.519362
0	0.513702
0	0.519419
0	0.515646
0	0.507998
0	0.5174
0	0.518541
0	0.513814
0	0.501943
0	0.518804
0	0.522273
0	0.524268
0	0.519387
0	0.515591
0	0.505206
0	0.518572
0	0.52068
0	0.523885
0	0.520822
0	0.518362
0	0.497398
0	0.516885
0	0.522267
0	0.521733
0	0.519853
0	0.516261
0	0.505519
0	0.519709
0	0.52521
0	0.520459
0	0.50959
0	0.517206
0	0.523102
0	0.520707
0	0.519751
0	0.505611
0	0.522046
0	0.519935
0	0.52405
0	0.52339
0	0.520498
0	0.523467
0	0.52313
0	0.521309
0	0.496442
0	0.519089
0	0.522998
0	0.522387
0	0.512318
0	0.520767
0	0.524335
0	0.521486
0	0.520846
0	0.508167
0	0.517925
0	0.521069
0	0.525934
0	0.52011
0	0.516234
0	0.52081
0	0.517927
0	0.519181
0	0.513257
0	0.517463
0	0.516889
0	0.522865
0	0.519715
0	0.520338
0	0.493836
0	0.518738
0	0.520069
0	0.523277
0	0.522142
0	0.521942
0	0.509218
0	0.518482
0	0.52175
0	0.525059
0	0.520866
0	0.520239
0	0.506563
0	0.522046
0	0.520162
0	0.524165
0	0.524083
0	0.521218
0	0.511172
0	0.519319
0	0.521294
0	0.523765
0	0.51936
0	0.521418
0	0.514751
0	0.518183
0	0.522763
0	0.523925
0	0.517956
0	0.520776
0	0.522933
0	0.516438
0	0.520705
0	0.524201
0	0.518965
0	0.515215
0	0.50599
0	0.520107
0	0.523075
0	0.523956
0	0.524469
0	0.5195
0	0.511379
0	0.519065
0	0.520923
0	0.516641
0	0.518754
0	0.515828
0	0.511046
0	0.518587
0	0.522264
0	0.524071
0	0.516062
0	0.518929
0	0.51372
0	0.519725
0	0.516733
0	0.511326
0	0.521066
0	0.520533
0	0.515922
0	0.496629
0	0.518057
0	0.522932
0	0.524385
0	0.521055
0	0.518735
0	0.503145
0	0.518919
0	0.523662
0	0.52305
0	0.519057
0	0.514219
0	0.522521
0	0.521443
0	0.520172
0	0.504534
0	0.519078
0	0.52023
0	0.523575
0	0.51915
0	0.516533
0	0.521466
0	0.515261
0	0.519306
0	0.510308
0	0.519368
0	0.521412
0	0.522441
0	0.514372
0	0.521783
0	0.523527
0	0.516101
0	0.520067
0	0.500667
0	0.519722
0	0.52199
0	0.526467
0	0.520359
0	0.518658
0	0.507855
0	0.520584
0	0.523411
0	0.521665
0	0.515192
0	0.516008
0	0.509168
0	0.519215
0	0.525564
0	0.526301
0	0.51972
0	0.513781
0	0.518629
0	0.513878
0	0.523337
0	0.523568
0	0.518353
0	0.517141
0	0.50561
0	0.519675
0	0.520117
0	0.52347
0	0.523179
0	0.520182
0	0.503696
0	0.517977
0	0.524066
0	0.523465
0	0.518136
0	0.517149
0	0.508094
0	0.519176
0	0.521889
0	0.524555
0	0.522182
0	0.520741
0	0.511729
0	0.521115
0	0.521039
0	0.524232
0	0.520362
0	0.519241
0	0.509731
0	0.519769
0	0.52192
0	0.522015
0	0.518665
0	0.521078
0	0.523678
0	0.522368
0	0.520525
0	0.515867
0	0.520628
0	0.524154
0	0.523317
0	0.520317
0	0.52206
0	0.522729
0	0.520597
0	0.52064
0	0.523358
0	0.523985
0	0.519039
0	0.515109
0	0.517447
0	0.519344
0	0.515292
0	0.518358
0	0.51607
0	0.514024
0	0.52092
0	0.520058
0	0.514448
0	0.520378
0	0.518416
0	0.513609
0	0.519209
0	0.515649
0	0.513877
0	0.494611
0	0.518846
0	0.523493
0	0.523918
0	0.520598
0	0.515484
0	0.517957
0	0.515375
0	0.511932
0	0.519923
0	0.52436
0	0.521926
0	0.515027
0	0.519371
0	0.515627
0	0.508589
0	0.519405
0	0.523175
0	0.522626
0	0.516519
0	0.520836
0	0.515514
0	0.519025
0	0.517174
0	0.504476
0	0.518249
0	0.524551
0	0.523682
0	0.51844
0	0.522223
0	0.516619
0	0.519658
0	0.517406
0	0.503782
0	0.519529
0	0.520554
0	0.523091
0	0.522883
0	0.518471
0	0.504073
0	0.52034
0	0.521535
0	0.523009
0	0.513377
0	0.520068
0	0.52426
0	0.52317
0	0.522595
0	0.508699
0	0.520104
0	0.523112
0	0.523414
0	0.521042
0	0.515949
0	0.520957
0	0.511149
0	0.51943
0	0.508954
0	0.518649
0	0.524931
0	0.525497
0	0.521159
0	0.518842
0	0.505466
0	0.517678
0	0.52251
0	0.523877
0	0.516282
0	0.517756
0	0.507779
0	0.517901
0	0.522139
0	0.523925
0	0.519023
0	0.515288
0	0.519864
0	0.514713
0	0.514262
0	0.518728
0	0.51424
0	0.513043
0	0.50399
0	0.522705
0	0.519436
0	0.522411
0	0.522552
0	0.52188
0	0.507955
0	0.523863
0	0.520118
0	0.523716
0	0.523084
0	0.520957
0	0.514314
0	0.519439
0	0.52045
0	0.525163
0	0.521996
0	0.520179
0	0.512002
0	0.519676
0	0.52072
0	0.522613
0	0.517833
0	0.521892
0	0.524079
0	0.515377
0	0.517541
0	0.521206
0	0.514985
0	0.517651
0	0.516307
0	0.519217
0	0.519919
0	0.516409
0	0.517721
0	0.517465
0	0.513432
0	0.518802
0	0.520118
0	0.515766
0	0.520793
0	0.519598
0	0.516155
0	0.519457
0	0.518993
0	0.51385
0	0.517903
0	0.515421
0	0.514275
0	0.517778
0	0.520953
0	0.523199
0	0.522096
0	0.517364
0	0.520208
0	0.500092
0	0.517208
0	0.523385
0	0.522758
0	0.518906
0	0.512286
0	0.517758
0	0.514478
0	0.512324
0	0.492051
0	0.518288
0	0.522488
0	0.522132
0	0.521271
0	0.516372
0	0.495691
0	0.517451
0	0.524244
0	0.5211
0	0.516508
0	0.514468
0	0.50605
0	0.520558
0	0.523993
0	0.523267
0	0.517852
0	0.513646
0	0.51882
0	0.516242
0	0.514291
0	0.491038
0	0.519438
0	0.521854
0	0.521739
0	0.518986
0	0.517235
0	0.509103
0	0.518968
0	0.520413
0	0.523225
0	0.523622
0	0.522211
0	0.509695
0	0.519903
0	0.522238
0	0.523416
0	0.519401
0	0.518707
0	0.508012
0	0.51954
0	0.523993
0	0.523288
0	0.515772
0	0.517916
0	0.506157
0	0.519003
0	0.519759
0	0.523587
0	0.523504
0	0.522894
0	0.505705
0	0.521925
0	0.520427
0	0.525099
0	0.519567
0	0.519435
0	0.51053
0	0.521058
0	0.531168
0	0.521871
0	0.519812
0	0.518632
0	0.506395
0	0.518804
0	0.521927
0	0.523937
0	0.522834
0	0.521219
0	0.502927
0	0.520447
0	0.523639
0	0.525136
0	0.523841
0	0.520185
0	0.506614
0	0.518067
0	0.522192
0	0.523062
0	0.517434
0	0.517747
0	0.523947
0	0.522927
0	0.521594
0	0.502375
0	0.518451
0	0.52172
0	0.523988
0	0.520859
0	0.519425
0	0.508982
0	0.519284
0	0.521578
0	0.523772
0	0.522323
0	0.52012
0	0.505345
0	0.51907
0	0.522587
0	0.523468
0	0.522436
0	0.520269
0	0.511966
0	0.517374
0	0.519985
0	0.522572
0	0.520295
0	0.517377
0	0.514272
0	0.5186
0	0.518043
0	0.515517
0	0.520487
0	0.518866
0	0.520927
0	0.516752
0	0.518497
0	0.523581
0	0.52134
0	0.518131
0	0.515266
0	0.520074
0	0.519724
0	0.522536
0	0.515321
0	0.518592
0	0.513958
0	0.518646
0	0.514607
0	0.515244
0	0.492227
0	0.516751
0	0.522611
0	0.518741
0	0.513674
0	0.507644
0	0.520571
0	0.519621
0	0.516607
0	0.504269
0	0.516573
0	0.5233
0	0.522944
0	0.520961
0	0.516252
0	0.518389
0	0.513628
0	0.507695
0	0.518724
0	0.520485
0	0.521056
0	0.507311
0	0.520304
0	0.522965
0	0.523504
0	0.517735
0	0.514662
0	0.49806
0	0.519099
0	0.522529
0	0.521346
0	0.517649
0	0.515635
0	0.495342
0	0.516487
0	0.522105
0	0.5242
0	0.518044
0	0.510987
0	0.519001
0	0.514738
0	0.5103
0	0.52001
0	0.524291
0	0.520051
0	0.511096
0	0.519217
0	0.5197
0	0.524189
0	0.518345
0	0.513959
0	0.518504
0	0.513614
0	0.520868
0	0.52368
0	0.522674
0	0.5214
0	0.512207
0	0.518882
0	0.524131
0	0.523457
0	0.512065
0	0.519958
0	0.512929
0	0.520921
0	0.522592
0	0.523114
0	0.511255
0	0.517363
0	0.510121
0	0.518118
0	0.519961
0	0.526095
0	0.523044
0	0.519071
0	0.49674
0	0.518693
0	0.52381
0	0.522782
0	0.521282
0	0.518454
0	0.505954
0	0.519394
0	0.52149
0	0.522656
0	0.521772
0	0.5219
0	0.509266
0	0.51994
0	0.522265
0	0.523822
0	0.518749
0	0.521772
0	0.524042
0	0.524049
0	0.520531
0	0.506744
0	0.519694
0	0.521897
0	0.523449
0	0.521013
0	0.519795
0	0.514901
0	0.519651
0	0.531292
0	0.524842
0	0.518234
0	0.520132
0	0.516911
0	0.520895
0	0.521713
0	0.521815
0	0.517819
0	0.522262
0	0.512063
0	0.519095
0	0.521472
0	0.51352
0	0.518375
0	0.515914
0	0.51467
0	0.520355
0	0.522012
0	0.523855
0	0.519785
0	0.516408
0	0.512476
0	0.516719
0	0.515316
0	0.514499
0	0.520037
0	0.520377
0	0.516635
0	0.492943
0	0.520244
0	0.524211
0	0.51949
0	0.515199
0	0.510136
0	0.518801
0	0.523119
0	0.521931
0	0.517002
0	0.519512
0	0.514643
0	0.516973
0	0.513838
0	0.508547
0	0.519599
0	0.51833
0	0.515676
0	0.489874
0	0.520528
0	0.523889
0	0.523913
0	0.517842
0	0.510028
0	0.518547
0	0.515919
0	0.514004
0	0.500298
0	0.518361
0	0.523304
0	0.525274
0	0.521502
0	0.516965
0	0.51941
0	0.51535
0	0.518307
0	0.506258
0	0.521443
0	0.525175
0	0.522795
0	0.516775
0	0.520298
0	0.51261
0	0.519234
0	0.522941
0	0.523916
0	0.515429
0	0.52038
0	0.509032
0	0.51863
0	0.521976
0	0.524634
0	0.522565
0	0.520165
0	0.505473
0	0.522496
0	0.525821
0	0.523876
0	0.511761
0	0.516911
0	0.52341
0	0.521748
0	0.52148
0	0.522962
0	0.514573
0	0.518282
0	0.505053
0	0.520322
0	0.521834
0	0.523411
0	0.510578
0	0.517499
0	0.503661
0	0.520551
0	0.520876
0	0.522346
0	0.514625
0	0.517441
0	0.504858
0	0.5187
0	0.518385
0	0.524459
0	0.524468
0	0.519832
0	0.505265
0	0.518905
0	0.523454
0	0.524577
0	0.519006
0	0.519332
0	0.507981
0	0.518292
0	0.522789
0	0.523934
0	0.52348
0	0.518177
0	0.522895
0	0.515572
0	0.51835
0	0.514514
0	0.518071
0	0.521276
0	0.523969
0	0.521841
0	0.521689
0	0.523186
0	0.515984
0	0.519758
0	0.515565
0	0.520133
0	0.52397
0	0.523406
0	0.522826
0	0.5184
0	0.515354
0	0.517499
0	0.520643
0	0.506603
0	0.518439
0	0.523993
0	0.52354
0	0.516015
0	0.519791
0	0.513031
0	0.517862
0	0.515015
0	0.512609
0	0.517363
0	0.520731
0	0.531609
0	0.529889
0	0.522468
0	0.522349
0	0.51585
0	0.51958
0	0.510931
0	0.519062
0	0.515703
0	0.507178
0	0.518474
0	0.521969
0	0.522407
0	0.515119
0	0.518729
0	0.514416
0	0.496362
0	0.518096
0	0.52033
0	0.523199
0	0.521728
0	0.514932
0	0.519953
0	0.517489
0	0.513457
0	0.495792
0	0.517522
0	0.521888
0	0.522442
0	0.519922
0	0.515394
0	0.49329
0	0.517383
0	0.52303
0	0.52345
0	0.523982
0	0.521965
0	0.509221
0	0.518555
0	0.521457
0	0.523925
0	0.522382
0	0.518042
0	0.497332
0	0.517808
0	0.525139
0	0.524
0	0.520828
0	0.519463
0	0.503179
0	0.518025
0	0.521364
0	0.522376
0	0.512902
0	0.521619
0	0.523566
0	0.518814
0	0.518485
0	0.506722
0	0.518587
0	0.524142
0	0.523408
0	0.516198
0	0.518025
0	0.507954
0	0.518832
0	0.521367
0	0.522797
0	0.519846
0	0.519096
0	0.506153
0	0.518309
0	0.521724
0	0.523823
0	0.522597
0	0.520041
0	0.505905
0	0.521315
0	0.524062
0	0.523816
0	0.517659
0	0.518156
0	0.506412
0	0.518107
0	0.521022
0	0.521972
0	0.52257
0	0.519605
0	0.511879
0	0.519229
0	0.52226
0	0.524126
0	0.526436
0	0.521208
0	0.509833
0	0.518246
0	0.519175
0	0.523578
0	0.519358
0	0.519572
0	0.512431
0	0.517006
0	0.518531
0	0.522231
0	0.519171
0	0.517514
0	0.511822
0	0.51669
0	0.521531
0	0.523013
0	0.520157
0	0.51797
0	0.517122
0	0.520049
0	0.524653
0	0.523311
0	0.519231
0	0.521652
0	0.523202
0	0.522838
0	0.518273
0	0.522373
0	0.518621
0	0.514182
0	0.518753
0	0.51468
0	0.519587
0	0.522604
0	0.52374
0	0.517668
0	0.522371
0	0.514403
0	0.518606
0	0.524534
0	0.51941
0	0.513865
0	0.520717
0	0.517648
0	0.522248
0	0.523709
0	0.519095
0	0.513131
0	0.520258
0	0.515645
0	0.520054
0	0.522281
0	0.520583
0	0.516574
0	0.514245
0	0.518026
0	0.516628
0	0.515646
0	0.501917
0	0.518979
0	0.520453
0	0.524519
0	0.52539
0	0.522324
0	0.511257
0	0.518145
0	0.522904
0	0.523243
0	0.514287
0	0.52058
0	0.513107
0	0.518064
0	0.521133
0	0.522454
0	0.515831
0	0.509194
0	0.519879
0	0.523376
0	0.522449
0	0.513142
0	0.520046
0	0.522897
0	0.523888
0	0.522127
0	0.520243
0	0.506042
0	0.517614
0	0.522123
0	0.523856
0	0.518888
0	0.512457
0	0.518294
0	0.51423
0	0.5213
0	0.523821
0	0.519591
0	0.512625
0	0.521698
0	0.522597
0	0.518873
0	0.505881
0	0.520733
0	0.522331
0	0.524153
0	0.52085
0	0.520941
0	0.50629
0	0.517976
0	0.520138
0	0.523769
0	0.520453
0	0.520392
0	0.505481
0	0.521799
0	0.519577
0	0.52355
0	0.5219
0	0.522027
0	0.499868
0	0.52026
0	0.52339
0	0.523621
0	0.513945
0	0.518234
0	0.50527
0	0.517663
0	0.520562
0	0.524277
0	0.523531
0	0.521746
0	0.508496
0	0.519602
0	0.523
0	0.524137
0	0.516794
0	0.517125
0	0.511203
0	0.521705
0	0.521726
0	0.524434
0	0.520042
0	0.524543
0	0.522763
0	0.518816
0	0.517651
0	0.520946
0	0.518835
0	0.514991
0	0.52235
0	0.520439
0	0.517424
0	0.508215
0	0.517852
0	0.521575
0	0.523348
0	0.520774
0	0.518729
0	0.509277
0	0.519654
0	0.521169
0	0.523668
0	0.523956
0	0.519504
0	0.521986
0	0.517452
0	0.518778
0	0.514769
0	0.517473
0	0.521637
0	0.520575
0	0.517003
0	0.518222
0	0.515953
0	0.493402
0	0.518163
0	0.521496
0	0.522804
0	0.520096
0	0.515222
0	0.517052
0	0.514459
0	0.511862
0	0.517787
0	0.515282
0	0.514094
0	0.491223
0	0.518494
0	0.532
0	0.523457
0	0.519495
0	0.512845
0	0.517447
0	0.512643
0	0.522001
0	0.519025
0	0.514753
0	0.507832
0	0.520333
0	0.517922
0	0.51448
0	0.517484
0	0.512343
0	0.522361
0	0.521572
0	0.517663
0	0.514634
0	0.50423
0	0.519186
0	0.520151
0	0.523236
0	0.523581
0	0.520829
0	0.511827
0	0.517151
0	0.51954
0	0.522982
0	0.520453
0	0.516448
0	0.502098
0	0.519927
0	0.524225
0	0.523225
0	0.51746
0	0.520874
0	0.511901
0	0.519078
0	0.521588
0	0.521952
0	0.516456
0	0.509837
0	0.51814
0	0.51055
0	0.521272
0	0.522399
0	0.519269
0	0.517117
0	0.503078
0	0.518529
0	0.522144
0	0.52212
0	0.520812
0	0.52013
0	0.504745
0	0.521462
0	0.523783
0	0.521713
0	0.517434
0	0.518711
0	0.505825
0	0.519109
0	0.524423
0	0.522838
0	0.517284
0	0.521262
0	0.505288
0	0.520403
0	0.522789
0	0.522808
0	0.517223
0	0.51816
0	0.510036
0	0.519238
0	0.521905
0	0.524304
0	0.521178
0	0.519414
0	0.508352
0	0.520971
0	0.520619
0	0.52139
0	0.514385
0	0.513252
0	0.520925
0	0.523502
0	0.521855
0	0.511088
0	0.517525
0	0.519094
0	0.523311
0	0.524774
0	0.52281
0	0.509268
0	0.517368
0	0.520084
0	0.523658
0	0.521347
0	0.520313
0	0.514318
0	0.522925
0	0.522918
0	0.524721
0	0.523391
0	0.520056
0	0.509099
0	0.518506
0	0.521727
0	0.522487
0	0.523146
0	0.522627
0	0.512613
0	0.518052
0	0.52393
0	0.522699
0	0.519775
0	0.517338
0	0.508699
0	0.518224
0	0.52184
0	0.523441
0	0.523274
0	0.520803
0	0.515352
0	0.520518
0	0.522156
0	0.519491
0	0.522469
0	0.521056
0	0.519641
0	0.521254
0	0.520634
0	0.515675
0	0.518945
0	0.517679
0	0.515634
0	0.521744
0	0.520666
0	0.513294
0	0.517446
0	0.515011
0	0.514069
0	0.517995
0	0.515451
0	0.50699
0	0.519043
0	0.523047
0	0.521981
0	0.516119
0	0.518785
0	0.515888
0	0.498522
0	0.517289
0	0.523628
0	0.522914
0	0.514659
0	0.520009
0	0.518161
0	0.520859
0	0.523013
0	0.522578
0	0.516433
0	0.520677
0	0.51458
0	0.51821
0	0.520348
0	0.524105
0	0.524715
0	0.518473
0	0.521374
0	0.516948
0	0.520324
0	0.512882
0	0.518419
0	0.522947
0	0.521915
0	0.517154
0	0.511711
0	0.518043
0	0.51597
0	0.511748
0	0.518988
0	0.525038
0	0.523073
0	0.518964
0	0.518212
0	0.522104
0	0.524447
0	0.517566
0	0.518194
0	0.509978
0	0.520997
0	0.521623
0	0.523506
0	0.520577
0	0.518324
0	0.499524
0	0.518902
0	0.521419
0	0.524463
0	0.523576
0	0.522532
0	0.500253
0	0.518712
0	0.520687
0	0.521624
0	0.512197
0	0.517957
0	0.50411
0	0.520625
0	0.523285
0	0.523527
0	0.522331
0	0.52241
0	0.497248
0	0.516381
0	0.522382
0	0.523601
0	0.522734
0	0.521351
0	0.506474
0	0.520486
0	0.523862
0	0.523507
0	0.515505
0	0.515656
0	0.504776
0	0.519594
0	0.521099
0	0.524037
0	0.521474
0	0.517171
0	0.502946
0	0.517783
0	0.518692
0	0.523557
0	0.521811
0	0.520641
0	0.505278
0	0.522037
0	0.52069
0	0.523934
0	0.523243
0	0.519429
0	0.507167
0	0.520417
0	0.521222
0	0.525527
0	0.521587
0	0.516908
0	0.509015
0	0.52156
0	0.523397
0	0.523959
0	0.514213
0	0.51827
0	0.511811
0	0.518211
0	0.522825
0	0.521867
0	0.516103
0	0.518808
0	0.513832
0	0.518753
0	0.524931
0	0.521846
0	0.516596
0	0.519779
0	0.51656
0	0.520205
0	0.523016
0	0.523052
0	0.518419
0	0.518911
0	0.513869
0	0.518972
0	0.521918
0	0.524867
0	0.524683
0	0.519224
0	0.516434
0	0.521127
0	0.521875
0	0.52395
0	0.519
0	0.521098
0	0.517962
0	0.496266
0	0.517047
0	0.523051
0	0.523128
0	0.523343
0	0.51582
0	0.515871
0	0.508683
0	0.517217
0	0.524194
0	0.522786
0	0.517284
0	0.503269
0	0.517485
0	0.522749
0	0.522474
0	0.515564
0	0.521769
0	0.518403
0	0.51382
0	0.521357
0	0.522757
0	0.516651
0	0.508051
0	0.518128
0	0.521059
0	0.522321
0	0.51812
0	0.518441
0	0.513593
0	0.504358
0	0.518821
0	0.522588
0	0.52152
0	0.517373
0	0.514582
0	0.498763
0	0.5179
0	0.522165
0	0.526184
0	0.522395
0	0.519859
0	0.506856
0	0.517694
0	0.523245
0	0.524488
0	0.518916
0	0.512035
0	0.519387
0	0.514884
0	0.509726
0	0.520345
0	0.51981
0	0.518533
0	0.51006
0	0.518992
0	0.52425
0	0.523654
0	0.518255
0	0.521264
0	0.504879
0	0.522686
0	0.524936
0	0.522804
0	0.515295
0	0.520086
0	0.513722
0	0.517252
0	0.520677
0	0.523965
0	0.521539
0	0.521185
0	0.508152
0	0.519423
0	0.521557
0	0.523711
0	0.518131
0	0.516341
0	0.506482
0	0.519688
0	0.522505
0	0.52387
0	0.523201
0	0.520257
0	0.51278
0	0.518868
0	0.519128
0	0.523581
0	0.523524
0	0.520837
0	0.507233
0	0.518523
0	0.521497
0	0.523228
0	0.523231
0	0.518495
0	0.505202
0	0.519081
0	0.521178
0	0.52166
0	0.519713
0	0.518751
0	0.508854
0	0.518584
0	0.520722
0	0.523674
0	0.522753
0	0.521069
0	0.515802
0	0.517366
0	0.523672
0	0.522392
0	0.519698
0	0.523638
0	0.524396
0	0.516895
0	0.518573
0	0.514247
0	0.518531
0	0.518991
0	0.51685
0	0.515122
0	0.518371
0	0.514112
0	0.491528
0	0.516971
0	0.522853
0	0.522619
0	0.520429
0	0.516669
0	0.494509
0	0.518068
0	0.524802
0	0.523088
0	0.522289
0	0.516748
0	0.517289
0	0.512918
0	0.521323
0	0.521425
0	0.516577
0	0.507449
0	0.518781
0	0.519686
0	0.516906
0	0.499344
0	0.517252
0	0.522256
0	0.519343
0	0.515496
0	0.493682
0	0.519265
0	0.525019
0	0.523631
0	0.51911
0	0.514675
0	0.52009
0	0.515679
0	0.510474
0	0.518884
0	0.52212
0	0.52309
0	0.505013
0	0.519021
0	0.522718
0	0.523347
0	0.513796
0	0.517202
0	0.493934
0	0.519079
0	0.521593
0	0.523353
0	0.521313
0	0.520323
0	0.50228
0	0.521479
0	0.522332
0	0.52465
0	0.51928
0	0.521352
0	0.509098
0	0.518061
0	0.519817
0	0.523995
0	0.520401
0	0.520233
0	0.50439
0	0.520122
0	0.523437
0	0.524007
0	0.518208
0	0.518222
0	0.50451
0	0.518445
0	0.522909
0	0.52369
0	0.522861
0	0.51993
0	0.498844
0	0.517764
0	0.519097
0	0.522182
0	0.523137
0	0.519439
0	0.507462
0	0.518421
0	0.522677
0	0.52348
0	0.511239
0	0.51879
0	0.512339
0	0.51817
0	0.521368
0	0.523124
0	0.52111
0	0.520874
0	0.505261
0	0.518245
0	0.522301
0	0.522838
0	0.522371
0	0.520528
0	0.510911
0	0.517809
0	0.521768
0	0.523554
0	0.519092
0	0.516971
0	0.506627
0	0.51916
0	0.522377
0	0.531879
0	0.529812
0	0.521063
0	0.523363
0	0.51821
0	0.518688
0	0.512194
0	0.519889
0	0.52086
0	0.521488
0	0.515062
0	0.520222
0	0.514819
0	0.519716
0	0.518649
0	0.515027
0	0.522064
