0.02	0.0233609
0.02	0.0229847
0.02	0.0229303
0.02	0.0220648
0.02	0.0265505
0.02	0.0269878
0.02	0.0259339
0.02	0.0268349
0.02	0.0266849
0.02	0.0229223
0.02	0.0220149
0.02	0.0279733
0.02	0.0229284
0.02	0.0222336
0.02	0.0222919
0.02	0.0227722
0.02	0.0225372
0.02	0.0266162
0.02	0.0225199
0.02	0.0222321
0.02	0.022135
0.02	0.0229502
0.02	0.0222488
0.02	0.0253806
0.02	0.0268532
0.02	0.0258113
0.02	0.0247682
0.02	0.0271026
0.02	0.0257434
0.02	0.0269599
0.02	0.0261491
0.02	0.025675
0.02	0.0268612
0.02	0.0227268
0.02	0.0224511
0.02	0.0225734
0.02	0.0228829
0.02	0.0264835
0.02	0.0276185
0.02	0.02685
0.02	0.0234009
0.02	0.0226836
0.02	0.022944
0.02	0.0232748
0.02	0.0267287
0.02	0.0259885
0.02	0.0276989
0.02	0.0256161
0.02	0.0232833
0.02	0.0207251
0.02	0.0253053
0.02	0.0270568
0.02	0.0256417
0.02	0.0235644
0.02	0.0228338
0.02	0.0252592
0.02	0.0267838
0.02	0.0229265
0.02	0.025104
0.02	0.0260628
0.02	0.0258409
0.02	0.0280732
0.02	0.032696
0.02	0.023449
0.02	0.0214304
0.02	0.0224303
0.02	0.0228139
0.02	0.0223457
0.02	0.0228312
0.02	0.0229888
0.02	0.0221586
0.02	0.0228652
0.02	0.0234459
0.02	0.0253654
0.02	0.0268245
0.02	0.0234012
0.02	0.0245468
0.02	0.0272365
0.02	0.0236671
0.02	0.0261448
0.02	0.0264053
0.02	0.0238292
0.02	0.0227546
0.02	0.0229384
0.02	0.0232617
0.02	0.0233661
0.02	0.02718
0.02	0.0235157
0.02	0.0222316
0.02	0.0220085
0.02	0.0227527
0.02	0.0228646
0.02	0.0237683
0.02	0.0280301
0.02	0.0256994
0.02	0.0268665
0.02	0.0235934
0.02	0.0217451
0.02	0.0269399
0.02	0.027304
0.02	0.02257
0.02	0.021876
0.02	0.0230735
0.02	0.0229272
0.02	0.0244278
0.02	0.0233861
0.02	0.0224449
0.02	0.0218785
0.02	0.022255
0.02	0.0219616
0.02	0.0267625
0.02	0.0267886
0.02	0.0225147
0.02	0.0224136
0.02	0.020255
0.02	0.0233023
0.02	0.0220542
0.02	0.0210532
0.02	0.0253531
0.02	0.0244864
0.02	0.0257833
0.02	0.0234321
0.02	0.0265614
0.02	0.0271753
0.02	0.0260069
0.02	0.0234931
0.02	0.0264052
0.02	0.0235727
0.02	0.0222042
0.02	0.023202
0.02	0.024999
0.02	0.0220814
0.02	0.0209519
0.02	0.0232427
0.02	0.0260884
0.02	0.0271447
0.02	0.024842
0.02	0.0250959
0.02	0.0233424
0.02	0.0224212
0.02	0.0220691
0.02	0.0229952
0.02	0.0235586
0.02	0.0206062
0.02	0.0282422
0.02	0.0240394
0.02	0.0223265
0.02	0.0231282
0.02	0.0222843
0.02	0.0217137
0.02	0.0231186
0.02	0.0243662
0.02	0.0216936
0.02	0.0230652
0.02	0.0225021
0.02	0.0225321
0.02	0.0266189
0.02	0.0241706
0.02	0.0224679
0.02	0.0232557
0.02	0.0240037
0.02	0.0224233
0.02	0.0252639
0.02	0.0233924
0.02	0.0256724
0.02	0.0237234
0.02	0.0229196
0.02	0.022395
0.02	0.0222284
0.02	0.0235719
0.02	0.026717
0.02	0.0259261
0.02	0.0231736
0.02	0.0229434
0.02	0.0252103
0.02	0.0235818
0.02	0.0220042
0.02	0.0227754
0.02	0.0244285
0.02	0.0231124
0.02	0.0261705
0.02	0.02322
0.02	0.0220303
0.02	0.0231802
0.02	0.0227031
0.02	0.0193883
0.02	0.0270867
0.02	0.0238705
0.02	0.0226019
0.02	0.0222835
0.02	0.0231284
0.02	0.024507
0.02	0.0269324
0.02	0.0251579
0.02	0.0253141
0.02	0.027648
0.02	0.0278644
0.02	0.0211394
0.02	0.0264567
0.02	0.0272418
0.02	0.0225139
0.02	0.0224602
0.02	0.0234544
0.02	0.0258066
0.02	0.0262362
0.02	0.0239507
0.02	0.0224094
0.02	0.0232644
0.02	0.0245662
0.02	0.0227144
0.02	0.0232541
0.02	0.0230657
0.02	0.0218485
0.02	0.0215868
0.02	0.023529
0.02	0.0226962
0.02	0.0264461
0.02	0.0235489
0.02	0.0214874
0.02	0.0226811
0.02	0.0229766
0.02	0.0212964
0.02	0.0262877
0.02	0.0276297
0.02	0.022132
0.02	0.0223643
0.02	0.0228879
0.02	0.0208581
0.02	0.0229391
0.02	0.0235745
0.02	0.0237128
0.02	0.0215567
0.02	0.0244634
0.02	0.0229741
0.02	0.0234722
0.02	0.024628
0.02	0.0229515
0.02	0.0224958
0.02	0.0214216
0.02	0.0229359
0.02	0.0231738
0.02	0.0250502
0.02	0.0228713
0.02	0.0230679
0.02	0.0231126
0.02	0.0231428
0.02	0.022752
0.02	0.0233963
0.02	0.0255253
0.02	0.0267816
0.02	0.0269125
0.02	0.0245693
0.02	0.0275169
0.02	0.0232855
0.02	0.0227756
0.02	0.022691
0.02	0.0233772
0.02	0.0222057
0.02	0.0254848
0.02	0.0256023
0.02	0.023688
0.02	0.0230572
0.02	0.0224548
0.02	0.0230474
0.02	0.0222035
0.02	0.0233063
0.02	0.0235422
0.02	0.0217999
0.02	0.0210475
0.02	0.0231537
0.02	0.030454
0.02	0.0303289
0.02	0.0252446
0.02	0.0248033
0.02	0.0273357
0.02	0.0233821
0.02	0.0220511
0.02	0.0225348
0.02	0.0231251
0.02	0.0182061
0.02	0.0231662
0.02	0.0230967
0.02	0.0218723
0.02	0.0273061
0.02	0.0230186
0.02	0.023017
0.02	0.0257958
0.02	0.0232542
0.02	0.0221817
0.02	0.0273127
0.02	0.0253723
0.02	0.0244926
0.02	0.0270798
0.02	0.0234796
0.02	0.0225391
0.02	0.0252763
0.02	0.0232358
0.02	0.0214966
0.02	0.0231091
0.02	0.0231322
0.02	0.0226481
