0.02	0.0193003
0.02	0.0197561
0.02	0.0195326
0.02	0.0198342
0.02	0.0195443
0.02	0.0195814
0.02	0.0195883
0.02	0.019474
0.02	0.0197042
0.02	0.0198546
0.02	0.019845
0.02	0.0199401
0.02	0.0194693
0.02	0.0188499
0.02	0.0198778
0.02	0.020218
0.02	0.01966
0.02	0.0196597
0.02	0.0197701
0.02	0.0186486
0.02	0.0195622
0.02	0.0192222
0.02	0.0191746
0.02	0.0196354
0.02	0.0196113
0.02	0.0187148
0.02	0.0199116
0.02	0.019333
0.02	0.0196476
0.02	0.0197114
0.02	0.019582
0.02	0.0193403
0.02	0.0196566
0.02	0.0194701
0.02	0.0189737
0.02	0.0196657
0.02	0.0195923
0.02	0.0201239
0.02	0.0197544
0.02	0.0198201
0.02	0.0200611
0.02	0.0195563
0.02	0.0195327
0.02	0.0194239
0.02	0.0197799
0.02	0.0200649
0.02	0.0197539
0.02	0.0204416
0.02	0.0191265
0.02	0.0197362
0.02	0.0199037
0.02	0.019877
0.02	0.0196637
0.02	0.019878
0.02	0.0197355
0.02	0.0196538
0.02	0.0196323
0.02	0.0195112
0.02	0.0196382
0.02	0.0200746
0.02	0.0187158
0.02	0.0196804
0.02	0.0194014
0.02	0.0197551
0.02	0.0196807
0.02	0.0194826
0.02	0.0188727
0.02	0.0193201
0.02	0.0187912
0.02	0.0200335
0.02	0.0195893
0.02	0.0198705
0.02	0.0199591
0.02	0.0199526
0.02	0.0198974
0.02	0.0198107
0.02	0.0198526
0.02	0.0194384
0.02	0.0186333
0.02	0.0189296
0.02	0.0195277
0.02	0.0195795
0.02	0.0198912
0.02	0.0194168
0.02	0.0194806
0.02	0.0196673
0.02	0.0194357
0.02	0.0193182
0.02	0.0198304
0.02	0.0199036
0.02	0.0202419
0.02	0.0198867
0.02	0.020307
0.02	0.0190091
0.02	0.0198393
0.02	0.0196501
0.02	0.0196112
0.02	0.0196173
0.02	0.0187929
0.02	0.0189387
0.02	0.0193526
0.02	0.0193661
0.02	0.0193052
0.02	0.0203029
0.02	0.0197906
0.02	0.0200836
0.02	0.0197124
0.02	0.0198916
0.02	0.0195598
0.02	0.0195584
0.02	0.020081
0.02	0.0194584
0.02	0.0193807
0.02	0.0195955
0.02	0.0197917
0.02	0.0192253
0.02	0.019619
0.02	0.0201205
0.02	0.0193966
0.02	0.0188742
0.02	0.019041
0.02	0.019687
0.02	0.0201111
0.02	0.0202252
0.02	0.0195982
0.02	0.0199541
0.02	0.0200272
0.02	0.0190691
0.02	0.0193639
0.02	0.0195094
0.02	0.0199756
0.02	0.0199728
0.02	0.0194585
0.02	0.0197743
0.02	0.0195243
0.02	0.0194915
0.02	0.0201424
0.02	0.0196415
0.02	0.0198256
0.02	0.0198861
0.02	0.019576
0.02	0.0197339
0.02	0.0194887
0.02	0.0199564
0.02	0.0197835
0.02	0.0197441
0.02	0.0193784
0.02	0.0194293
0.02	0.0197472
0.02	0.0198514
0.02	0.0196969
0.02	0.0197995
0.02	0.0188493
0.02	0.0197128
0.02	0.0194999
0.02	0.0199185
0.02	0.0199035
0.02	0.0199697
0.02	0.0198848
0.02	0.0194928
0.02	0.0195815
0.02	0.0197717
0.02	0.0202307
0.02	0.0191207
0.02	0.0198256
0.02	0.019516
0.02	0.0192454
0.02	0.0194454
0.02	0.0196106
0.02	0.0196049
0.02	0.0200886
0.02	0.0195378
0.02	0.0201871
0.02	0.0187564
0.02	0.0198194
0.02	0.0196241
0.02	0.01993
0.02	0.0187642
0.02	0.019836
0.02	0.0197436
0.02	0.0193105
0.02	0.0195476
0.02	0.0193465
0.02	0.019529
0.02	0.0194896
0.02	0.020133
0.02	0.0196525
0.02	0.0197027
0.02	0.0195752
0.02	0.0197426
0.02	0.0202791
0.02	0.0190938
0.02	0.0194541
0.02	0.0190096
0.02	0.0197324
0.02	0.0197057
0.02	0.0194542
0.02	0.0197407
0.02	0.0198169
0.02	0.0195573
0.02	0.019834
0.02	0.019428
0.02	0.0197887
0.02	0.0186178
0.02	0.0193528
0.02	0.0197271
0.02	0.0194111
0.02	0.0197132
0.02	0.0200665
0.02	0.0193183
0.02	0.0196213
0.02	0.0192665
0.02	0.0188361
0.02	0.0193643
0.02	0.0196409
0.02	0.0200332
0.02	0.0195792
0.02	0.0201264
0.02	0.0191523
0.02	0.0201608
0.02	0.0197717
0.02	0.0197788
0.02	0.0198955
0.02	0.0193187
0.02	0.019598
0.02	0.0191252
0.02	0.019112
0.02	0.0196314
0.02	0.0190908
0.02	0.0198471
0.02	0.019362
0.02	0.0199723
0.02	0.0195868
0.02	0.0201159
0.02	0.0199464
0.02	0.0190341
0.02	0.0197698
0.02	0.0195697
0.02	0.0195164
0.02	0.0194917
0.02	0.0198624
0.02	0.0194114
0.02	0.0196574
0.02	0.0190196
0.02	0.019818
0.02	0.0200322
0.02	0.019898
0.02	0.0196016
0.02	0.0196139
0.02	0.0194093
0.02	0.01964
0.02	0.0193505
0.02	0.0191294
0.02	0.0200832
0.02	0.0193556
0.02	0.0194988
0.02	0.0196447
0.02	0.0195577
0.02	0.0197771
0.02	0.0199248
0.02	0.0195276
0.02	0.0199047
0.02	0.0199272
0.02	0.0193352
0.02	0.0190589
0.02	0.0198789
0.02	0.019707
0.02	0.019376
0.02	0.0196248
0.02	0.0192631
0.02	0.0193973
0.02	0.0197944
0.02	0.0189391
0.02	0.0196986
0.02	0.0195912
0.02	0.0187166
0.02	0.0197483
0.02	0.0196689
0.02	0.0193889
0.02	0.0199415
0.02	0.0199888
0.02	0.0199353
0.02	0.0197461
0.02	0.0194295
0.02	0.0196102
0.02	0.0196977
0.02	0.0198739
0.02	0.0197626
0.02	0.0195729
0.02	0.019497
0.02	0.0193471
0.02	0.0197888
0.02	0.0197965
0.02	0.0192126
0.02	0.0192332
0.02	0.0195929
0.02	0.0191032
0.02	0.0189799
0.02	0.0186897
0.02	0.0196088
0.02	0.0194892
0.02	0.0190504
0.02	0.0199109
0.02	0.0197589
0.02	0.0191853
0.02	0.0196279
0.02	0.0196452
0.02	0.0193779
0.02	0.0196378
0.02	0.0191454
0.02	0.01938
0.02	0.0190668
0.02	0.0190958
0.02	0.0198088
0.02	0.018956
0.02	0.0195418
0.02	0.0194142
0.02	0.019331
0.02	0.0195596
0.02	0.0195819
0.02	0.0193842
0.02	0.0192124
0.02	0.019311
0.02	0.01935
0.02	0.0188392
0.02	0.0193483
0.02	0.0197421
0.02	0.0192704
0.02	0.0197407
0.02	0.0199675
0.02	0.0187608
0.02	0.0195245
0.02	0.0196692
0.02	0.0189394
0.02	0.0197517
0.02	0.0194264
0.02	0.0196319
0.02	0.0198406
0.02	0.0196151
0.02	0.019303
0.02	0.0195683
0.02	0.019473
0.02	0.0195575
0.02	0.0198485
0.02	0.0192794
0.02	0.0195246
0.02	0.0190541
0.02	0.0195268
0.02	0.0195386
0.02	0.0194088
0.02	0.0195432
0.02	0.0196135
0.02	0.0199148
0.02	0.0197683
0.02	0.0196936
0.02	0.0198059
0.02	0.0196015
0.02	0.0200755
0.02	0.0192858
0.02	0.0194871
0.02	0.019806
0.02	0.0190919
0.02	0.0193255
0.02	0.0196568
0.02	0.0189748
0.02	0.019063
0.02	0.0200118
0.02	0.0194781
0.02	0.0188495
0.02	0.0197251
0.02	0.0194446
0.02	0.0197028
0.02	0.0198013
0.02	0.019403
0.02	0.019722
0.02	0.0198299
0.02	0.0196169
0.02	0.0193533
0.02	0.0197818
0.02	0.0194475
0.02	0.0196422
0.02	0.0193348
0.02	0.019633
0.02	0.0196195
0.02	0.0198405
0.02	0.0197539
0.02	0.0197461
0.02	0.0194374
0.02	0.0193653
0.02	0.0198623
0.02	0.0194697
0.02	0.0199207
0.02	0.0198498
0.02	0.0198817
0.02	0.0195942
0.02	0.0194997
0.02	0.0194212
0.02	0.0197144
0.02	0.019397
0.02	0.0189265
0.02	0.0198738
0.02	0.0195423
0.02	0.0197177
0.02	0.0198186
0.02	0.0188489
0.02	0.0196085
0.02	0.0200167
0.02	0.0192218
0.02	0.0195675
0.02	0.0195446
0.02	0.0197637
0.02	0.0196484
0.02	0.0197522
0.02	0.0196268
0.02	0.0199031
0.02	0.0194703
0.02	0.0195559
0.02	0.0195259
0.02	0.0198113
0.02	0.0196532
0.02	0.0191917
0.02	0.0197617
0.02	0.0190871
0.02	0.0191039
0.02	0.01943
0.02	0.0190173
0.02	0.0193576
0.02	0.0195324
0.02	0.0191951
0.02	0.0197928
0.02	0.019603
0.02	0.0199435
0.02	0.0195939
0.02	0.0192114
0.02	0.0195917
0.02	0.0193672
0.02	0.0193222
0.02	0.0199751
0.02	0.0195004
0.02	0.0190115
0.02	0.019541
0.02	0.0188425
0.02	0.0197443
0.02	0.0189137
0.02	0.0193454
0.02	0.0197729
0.02	0.0198168
0.02	0.0198423
0.02	0.019149
0.02	0.0196232
0.02	0.0196947
0.02	0.0196519
0.02	0.0198609
0.02	0.0198294
0.02	0.0189241
0.02	0.0194423
0.02	0.019676
0.02	0.0197714
0.02	0.018797
0.02	0.0196834
0.02	0.0198781
0.02	0.0195778
0.02	0.0198635
0.02	0.0197802
0.02	0.0200045
0.02	0.0195543
0.02	0.0195063
0.02	0.0194068
0.02	0.0197785
0.02	0.0193717
0.02	0.0197122
0.02	0.0196794
0.02	0.0198044
0.02	0.0192714
0.02	0.0187
0.02	0.0197104
0.02	0.0186737
0.02	0.0196482
0.02	0.0195183
0.02	0.0197847
0.02	0.0196014
0.02	0.0197206
0.02	0.019297
0.02	0.0195001
0.02	0.0192317
0.02	0.0191515
0.02	0.0197008
0.02	0.0195136
0.02	0.0191278
0.02	0.0195723
0.02	0.0187749
0.02	0.0199714
0.02	0.019477
0.02	0.0196944
0.02	0.0191139
0.02	0.019439
0.02	0.0198812
0.02	0.0194853
0.02	0.0196663
0.02	0.0192976
0.02	0.0189731
0.02	0.019542
0.02	0.0194678
0.02	0.0202682
0.02	0.0196702
0.02	0.0196116
0.02	0.0197093
0.02	0.0197517
0.02	0.0194373
0.02	0.0193263
0.02	0.0197271
0.02	0.0199449
0.02	0.0199359
0.02	0.0195876
0.02	0.0197736
0.02	0.020239
0.02	0.0198077
0.02	0.0197354
0.02	0.0193473
0.02	0.0194014
0.02	0.0196468
0.02	0.0187438
0.02	0.0198781
0.02	0.0190263
0.02	0.0195989
0.02	0.0199094
0.02	0.0196685
0.02	0.0195161
0.02	0.0198187
0.02	0.0197677
0.02	0.0197687
0.02	0.0197835
0.02	0.01968
0.02	0.0194884
0.02	0.0197231
0.02	0.0198052
0.02	0.0198206
0.02	0.0191245
0.02	0.0195488
0.02	0.0186523
0.02	0.0197581
0.02	0.019508
0.02	0.0198296
0.02	0.0194757
0.02	0.0198857
0.02	0.0189283
0.02	0.0191411
0.02	0.0193208
0.02	0.0191575
0.02	0.0197739
0.02	0.0195163
0.02	0.0198499
0.02	0.018858
0.02	0.0194213
0.02	0.019774
0.02	0.0197519
0.02	0.0197681
0.02	0.0198123
0.02	0.0194977
0.02	0.0195812
0.02	0.0189555
0.02	0.0198558
0.02	0.0195656
0.02	0.0197635
0.02	0.0195594
0.02	0.0193101
0.02	0.019668
0.02	0.0196582
0.02	0.0192345
0.02	0.0198871
0.02	0.0197493
0.02	0.019459
0.02	0.0198504
0.02	0.0194408
0.02	0.0199286
0.02	0.0194894
0.02	0.0189962
0.02	0.0193703
0.02	0.0196414
0.02	0.0194591
0.02	0.0188978
0.02	0.0193857
0.02	0.0197514
0.02	0.0196448
0.02	0.0196813
0.02	0.019579
0.02	0.0197175
0.02	0.0198217
0.02	0.0192739
0.02	0.019645
0.02	0.0198554
0.02	0.0197517
0.02	0.0188302
0.02	0.0195966
0.02	0.0195783
0.02	0.0193457
0.02	0.0197605
0.02	0.0197672
0.02	0.0187643
0.02	0.0201463
0.02	0.0188307
0.02	0.0196031
0.02	0.0197546
0.02	0.0196487
0.02	0.0198821
0.02	0.0195015
0.02	0.0193207
0.02	0.0194576
0.02	0.019756
0.02	0.0197424
0.02	0.0194201
0.02	0.0192355
0.02	0.0200646
0.02	0.0190499
0.02	0.0204002
0.02	0.0198152
0.02	0.0188453
0.02	0.018979
0.02	0.0194874
0.02	0.0194127
0.02	0.019974
0.02	0.0196014
0.02	0.0193955
0.02	0.0193188
0.02	0.0191649
0.02	0.0195073
0.02	0.019391
0.02	0.0199307
0.02	0.0189029
0.02	0.0198708
0.02	0.0199981
0.02	0.0192634
0.02	0.0192478
0.02	0.0195709
0.02	0.0192864
0.02	0.0195956
0.02	0.0194555
0.02	0.0194155
0.02	0.0198599
0.02	0.0198404
0.02	0.0196922
0.02	0.0193891
0.02	0.0197117
0.02	0.0195685
0.02	0.0191318
0.02	0.0206125
0.02	0.019482
0.02	0.0194076
0.02	0.0194121
0.02	0.0197305
0.02	0.0199478
0.02	0.0188837
0.02	0.0196289
0.02	0.0196048
0.02	0.0198308
0.02	0.0195266
0.02	0.0200281
0.02	0.0195047
0.02	0.0199423
0.02	0.0192636
0.02	0.0194723
0.02	0.019761
0.02	0.0190844
0.02	0.0198852
0.02	0.0193465
0.02	0.0196448
0.02	0.0191388
0.02	0.0196258
0.02	0.0193383
0.02	0.0193268
0.02	0.0194075
0.02	0.019474
0.02	0.0196477
0.02	0.0196965
0.02	0.0195069
0.02	0.0197724
0.02	0.0193735
0.02	0.0195269
0.02	0.0198687
0.02	0.0202016
0.02	0.0196471
0.02	0.0194123
0.02	0.0196681
0.02	0.0195244
0.02	0.0192508
0.02	0.0195661
0.02	0.0195609
0.02	0.0196118
0.02	0.0196849
0.02	0.0198308
0.02	0.0197236
0.02	0.0195979
0.02	0.0198254
0.02	0.0197196
0.02	0.019532
0.02	0.0193189
0.02	0.0189125
0.02	0.0196642
0.02	0.0197304
0.02	0.019704
0.02	0.0203189
0.02	0.0197526
0.02	0.0193412
0.02	0.0193581
0.02	0.0199827
0.02	0.0195602
0.02	0.0194718
0.02	0.0197833
0.02	0.0195265
0.02	0.0188258
0.02	0.018858
0.02	0.0198404
0.02	0.0201067
0.02	0.019215
0.02	0.0195815
0.02	0.0193544
0.02	0.0197265
0.02	0.0196838
0.02	0.0195749
0.02	0.019574
0.02	0.0195559
0.02	0.0200935
0.02	0.0193921
0.02	0.0187957
0.02	0.0199603
0.02	0.0196547
0.02	0.0198727
0.02	0.0190229
0.02	0.0194329
0.02	0.0196274
0.02	0.0196315
0.02	0.0200689
0.02	0.0199246
0.02	0.0191109
0.02	0.0201916
0.02	0.0197122
0.02	0.0196611
0.02	0.0187375
0.02	0.0197025
0.02	0.0198746
0.02	0.0198301
0.02	0.0195322
0.02	0.01892
0.02	0.019936
0.02	0.0196505
0.02	0.0196204
0.02	0.0194535
0.02	0.0199253
0.02	0.0195885
0.02	0.0197259
0.02	0.0190481
0.02	0.0196956
0.02	0.019523
0.02	0.019657
0.02	0.0196369
0.02	0.0196699
0.02	0.0195646
0.02	0.0199826
0.02	0.0193904
0.02	0.0199755
0.02	0.0194824
0.02	0.0196082
0.02	0.0193958
0.02	0.0191554
0.02	0.0193747
0.02	0.0195494
0.02	0.0195011
0.02	0.0198288
0.02	0.0190269
0.02	0.0191135
0.02	0.0196986
0.02	0.0195335
0.02	0.0199799
0.02	0.0197736
0.02	0.0193522
0.02	0.0192935
0.02	0.0192469
0.02	0.0190407
0.02	0.0188795
0.02	0.0193072
0.02	0.0199331
0.02	0.0200052
0.02	0.0193034
0.02	0.0195967
0.02	0.0187728
0.02	0.0196268
0.02	0.0187464
0.02	0.0193285
0.02	0.0196562
0.02	0.0197428
0.02	0.0185662
0.02	0.0195362
0.02	0.0197036
0.02	0.019148
0.02	0.0196742
0.02	0.0197009
0.02	0.019613
0.02	0.0199419
0.02	0.0197727
0.02	0.0200558
0.02	0.0191242
0.02	0.019459
0.02	0.018852
0.02	0.0187215
0.02	0.0198975
0.02	0.0200017
0.02	0.018951
0.02	0.0197588
0.02	0.0196356
0.02	0.0197867
0.02	0.0196295
0.02	0.0190378
0.02	0.0190368
0.02	0.0195218
0.02	0.0194097
0.02	0.018927
0.02	0.0198406
0.02	0.0194581
0.02	0.0196719
0.02	0.019749
0.02	0.0197743
0.02	0.0197232
0.02	0.0196391
0.02	0.0193281
0.02	0.0197846
0.02	0.0198437
0.02	0.0187775
0.02	0.0195815
0.02	0.0197326
0.02	0.01919
0.02	0.0194084
0.02	0.0198698
0.02	0.0196818
0.02	0.0195306
0.02	0.0198592
0.02	0.019559
0.02	0.0189393
0.02	0.019019
0.02	0.0195216
0.02	0.019201
0.02	0.0198589
0.02	0.0196524
0.02	0.0198399
0.02	0.0196688
0.02	0.0191013
0.02	0.0193557
0.02	0.0194516
0.02	0.0196465
0.02	0.0189757
0.02	0.0196087
0.02	0.0198841
0.02	0.018785
0.02	0.0194556
0.02	0.0194011
0.02	0.0198709
0.02	0.0185183
0.02	0.0197677
0.02	0.0193275
0.02	0.0196011
0.02	0.0197772
0.02	0.0197253
0.02	0.0197842
0.02	0.019504
0.02	0.0190423
0.02	0.0192548
0.02	0.0186171
0.02	0.0200588
0.02	0.0190029
0.02	0.0195981
0.02	0.019886
0.02	0.0188207
0.02	0.0191098
0.02	0.0197852
0.02	0.0197702
0.02	0.0197568
0.02	0.0194702
0.02	0.0199
0.02	0.018988
0.02	0.0195072
0.02	0.0198086
0.02	0.0197503
0.02	0.019553
0.02	0.0194554
0.02	0.0199456
0.02	0.0198989
0.02	0.019208
0.02	0.0195063
0.02	0.0196859
0.02	0.0200515
0.02	0.0187682
0.02	0.0198133
0.02	0.0198006
0.02	0.0195097
0.02	0.0193317
0.02	0.0195624
0.02	0.0195528
0.02	0.0191659
0.02	0.0193426
0.02	0.0190101
0.02	0.0198428
0.02	0.0190369
0.02	0.0191262
0.02	0.018862
0.02	0.0188012
0.02	0.0194627
0.02	0.0188069
0.02	0.0199405
0.02	0.0197603
0.02	0.0195771
0.02	0.0196814
0.02	0.0198246
0.02	0.0189762
0.02	0.0194308
0.02	0.0194851
0.02	0.0187476
0.02	0.0193296
0.02	0.0192405
0.02	0.0196513
0.02	0.0190112
0.02	0.0195519
0.02	0.0192705
0.02	0.0188479
0.02	0.019059
0.02	0.0196619
0.02	0.0194256
0.02	0.0196605
0.02	0.0195424
0.02	0.0191791
0.02	0.0194405
0.02	0.0194235
0.02	0.0193626
0.02	0.0190193
0.02	0.0195785
0.02	0.0201454
0.02	0.0199203
0.02	0.0199882
0.02	0.0198564
0.02	0.01969
0.02	0.01976
0.02	0.0190861
0.02	0.0196012
0.02	0.0198018
0.02	0.0195455
0.02	0.0197129
0.02	0.0189541
0.02	0.0196768
0.02	0.0197822
0.02	0.0200425
0.02	0.0188009
0.02	0.0192319
0.02	0.0195672
0.02	0.0188126
0.02	0.0194361
0.02	0.019619
0.02	0.0190607
0.02	0.0198725
0.02	0.019734
0.02	0.0186109
0.02	0.0195914
0.02	0.0195913
0.02	0.01918
0.02	0.0195572
0.02	0.0195646
0.02	0.0193018
0.02	0.0195489
0.02	0.0193392
0.02	0.0194304
0.02	0.0197967
0.02	0.0198869
0.02	0.0197045
0.02	0.0189045
0.02	0.0189168
0.02	0.0196126
0.02	0.019446
0.02	0.0189847
0.02	0.0198676
0.02	0.0188873
0.02	0.0194047
0.02	0.0196328
0.02	0.0191546
0.02	0.0190556
0.02	0.0189733
0.02	0.0197383
0.02	0.0196672
0.02	0.0195646
0.02	0.0190395
0.02	0.0198339
0.02	0.0188731
0.02	0.019126
0.02	0.0194254
0.02	0.0188374
0.02	0.0200511
0.02	0.0193523
0.02	0.0194242
0.02	0.0194731
0.02	0.0197845
0.02	0.019532
0.02	0.0196065
0.02	0.0192883
0.02	0.0195969
0.02	0.0187992
