-0.0223565	0.00451281	0.00144833
-0.015143	0.00473646	0.00072534
-0.0201034	-0.00206118	-0.000251896
-0.00803089	-0.002284	-0.000442957
-0.0173686	-0.0122078	-6.76165e-05
-0.0126172	-0.0121333	-0.000350945
-0.0151995	-0.0220935	-0.000907803
-0.022401	-0.0242045	-0.00146456
-0.017559	-0.02917	-0.0015516
-0.0199147	-0.0386862	-0.00145276
0.0158084	-0.0552174	-0.00319601
-0.00497939	0.000549647	9.98701e-05
-0.00326158	-0.0654393	-0.00165489
0.00792748	-0.0894868	-0.0808023
0.00153033	-0.0736399	-0.00923486
-0.00582772	0.0273267	-0.00020413
0.0245789	-0.0264261	-0.00233602
0.0112868	-0.0282985	-0.00365901
0.017805	-0.0304777	-0.00305574
-0.0835909	-0.0656954	0.00187757
-0.0784458	-0.0690387	0.000264078
0.0280925	0.00698508	-0.000644473
-0.0088165	-0.0131256	-0.000551961
0.0163587	-0.0504478	-0.00354596
0.0455181	-0.0742114	-0.00041348
0.0080125	-0.0193281	-0.00178053
-0.00616041	-0.0286292	-0.00161553
-0.0826786	0.000560131	-0.00681101
0.0109305	-0.0386171	-0.00301776
-0.00619894	-0.0418202	-0.00294809
-0.00622542	-0.0436989	-0.0032779
-0.0157325	-0.0487191	-0.0026481
-0.0166798	-0.0491357	-0.00261156
-0.0152502	-0.049983	-0.00245442
-0.00956974	-0.063035	-0.0030528
-0.0099351	-0.0637588	-0.00275863
-0.0198823	-0.0649317	-0.00200785
-0.0108663	-0.0649303	-0.0023164
-0.010376	-0.0651991	-0.00352882
0.0485918	-0.0646944	0.00924491
-0.0199604	-0.0699257	-0.00304925
-0.0375346	-0.0720418	-0.00546075
0.00820512	0.00206881	2.5308e-05
0.00981171	0.00171769	-0.00353826
0.0490301	-0.064489	0.00962421
-0.0334384	-0.0304058	0.052784
0.0197323	0.00665829	-0.000572813
0.0176297	0.0062247	-0.00037243
0.0186395	0.00480877	-0.000553309
0.0174445	0.00387263	-0.000641929
0.0200101	0.00348854	-0.000976551
0.0186721	0.0026106	-0.00123595
0.0184967	0.00115371	-0.00120511
0.0195517	0.000680376	-0.000924599
0.0201561	0.000607185	-0.000897699
0.0172293	0.000448304	-0.00151467
0.0185759	-0.000602861	-0.00157653
-0.0323638	-0.030524	0.051543
-0.0762574	-0.0140182	0.0022921
0.0265932	-0.0161992	-0.00263309
0.0268385	-0.0177358	-0.00185327
0.0270131	-0.0192011	-0.00172638
0.0173866	-0.0192564	-0.00215397
0.0191937	-0.020253	-0.00219228
0.0091674	-0.0401697	-0.00319573
-0.00523607	-0.0243744	-0.000623442
-0.0601628	-0.0134633	0.0102314
-0.0222961	0.0106334	0.000947276
-0.0158015	0.00268313	0.000298461
-0.0127042	0.00205392	0.000401771
-0.0149053	0.00133585	2.76741e-05
-0.0135744	0.000726746	0.000150457
0.0162267	-0.0252208	-0.00259492
0.0175118	-0.0253741	-0.00228775
0.0187993	-0.0254084	-0.00186104
-0.0164309	-0.0249838	-0.00120932
0.0181781	-0.0263265	-0.00299982
-0.0244075	-0.0414334	-0.00197961
-0.0166322	-0.0436871	-0.00181949
-0.0144225	-0.0438899	-0.00241942
-0.0804808	-0.0625537	-0.000404298
-0.0857695	0.00336072	-0.00786731
-0.083195	0.00188923	-0.0073417
-0.0907324	0.000995243	-0.0153934
-0.0853697	-0.00592844	-0.00678854
-0.0870752	-0.0135625	-0.00974877
-0.0138729	-0.0181679	-0.00116204
-0.0161603	-0.0190122	-0.000931954
-0.0148256	-0.0191073	-0.000820355
-0.0134637	-0.0191512	-0.000905965
0.019641	-0.0660815	-0.00280214
-0.0137434	0.0209274	0.000480946
-0.00757355	-0.0399647	-0.00208193
-0.00866798	-0.0417818	-0.000655736
-0.0067456	-0.0417256	-0.00256056
0.0265075	-0.0439652	-0.00338035
-0.00613764	-0.0435325	-0.00202806
-0.0143263	-0.0470417	-1.3892e-05
-0.0120614	-0.0644147	-0.00550223
-0.057745	-0.06297	-0.00144565
-0.019937	-0.0649883	-0.0019286
-0.0113748	-0.0655202	-0.00274531
0.0198957	-0.0664908	-0.00182814
-0.0183183	-0.0674573	-0.00113773
-0.00420396	0.0079493	8.33897e-05
-0.0047838	0.00609264	0.000514637
0.024155	0.0116652	0.000185678
-0.024421	-0.0172583	-0.000393183
0.0211706	-0.0385935	-0.00257137
-0.00324229	0.032897	0.000602165
-0.00347288	0.0311441	0.000990446
0.0188576	0.0258325	0.00167989
0.0216322	0.0368467	-0.00447257
0.0203339	0.0338708	-0.000306102
0.0214414	0.0330553	9.01812e-05
0.0196095	0.0324355	-0.000344628
-0.00686302	0.0123698	0.000822714
-0.00755019	0.0123114	0.000229706
0.0189701	0.0268651	0.0012363
-0.0222274	0.0277497	0.00153573
0.0277511	0.0244694	0.00141553
0.0182421	0.0194447	0.00099327
0.0123745	0.0235504	0.000120703
-0.00587136	0.0393718	-0.000218852
-0.0052402	0.037779	0.000474329
0.022156	-0.01353	-0.00102303
-0.0043015	0.00729724	0.000133035
-0.0145754	-0.0489641	-0.00239548
-0.022475	0.0298693	-0.000503479
-0.0224939	0.0349793	0.00195452
-0.0173713	-0.0113357	0.00120156
0.0100728	-0.0151444	-0.00126752
0.0257448	0.037333	0.00146549
0.022184	-0.0130617	-0.00187864
0.0208555	-0.0156994	-0.00176718
0.0254266	-0.0158879	-0.00215496
0.0228479	-0.0164611	-0.00264303
0.026648	-0.0177732	-0.00176217
0.0187621	-0.0197395	-0.00203552
0.0295739	0.0254655	0.00264502
0.00874806	0.00541647	-0.00012385
0.0289644	0.0317626	0.00157494
-0.0138922	0.0339636	0.00112495
0.00938979	0.032296	0.00161879
-0.0053894	-0.0169356	-0.001084
-0.00520978	-0.0193939	-0.00114779
-0.020781	0.037289	0.00266961
0.0276691	0.00723533	-0.000259975
0.0179864	-0.00622307	-0.00176594
