0.02	0.0163286
0.02	0.0156601
0.02	0.0156953
0.02	0.0159993
0.02	0.0166433
0.02	0.0162521
0.02	0.016061
0.02	0.0161469
0.02	0.0159621
0.02	0.0163081
0.02	0.0157537
0.02	0.0157436
0.02	0.015938
0.02	0.0158822
0.02	0.015463
0.02	0.016359
0.02	0.0162438
0.02	0.0153761
0.02	0.0160339
0.02	0.0162138
0.02	0.0161764
0.02	0.0154045
0.02	0.016641
0.02	0.0156737
0.02	0.0162608
0.02	0.0162195
0.02	0.0162101
0.02	0.0166551
0.02	0.0157296
0.02	0.0164496
0.02	0.0163213
0.02	0.0164917
0.02	0.0155733
0.02	0.0154873
0.02	0.016395
0.02	0.0156006
0.02	0.0157467
0.02	0.0159225
0.02	0.016407
0.02	0.015603
0.02	0.0158714
0.02	0.0162625
0.02	0.0162883
0.02	0.0160297
0.02	0.0161827
0.02	0.0161574
0.02	0.0161027
0.02	0.0150061
0.02	0.016042
0.02	0.0163658
0.02	0.0162819
0.02	0.0157015
0.02	0.0160606
0.02	0.0162688
0.02	0.0166416
0.02	0.0160565
0.02	0.0160888
0.02	0.0153503
0.02	0.0157445
0.02	0.0163477
0.02	0.0157357
0.02	0.0159896
0.02	0.0161619
0.02	0.0152747
0.02	0.0162338
0.02	0.0157201
0.02	0.015832
0.02	0.0160513
0.02	0.0158615
0.02	0.0162492
0.02	0.0159973
0.02	0.0160696
0.02	0.0157945
0.02	0.0160096
0.02	0.0158368
0.02	0.016209
0.02	0.0163856
0.02	0.0158126
0.02	0.0164056
0.02	0.0160563
0.02	0.0165612
0.02	0.0160872
0.02	0.0155394
0.02	0.0160348
0.02	0.015945
0.02	0.0161615
0.02	0.0161031
0.02	0.0159888
0.02	0.0160403
0.02	0.0165287
0.02	0.016347
0.02	0.0166051
0.02	0.0156737
0.02	0.0163077
0.02	0.0157403
0.02	0.0159807
0.02	0.0162276
0.02	0.0162382
0.02	0.0160433
0.02	0.0160234
0.02	0.0160296
0.02	0.0164167
0.02	0.0166331
0.02	0.0162778
0.02	0.0155601
0.02	0.0152957
0.02	0.0162645
0.02	0.0155044
0.02	0.0160759
0.02	0.0156597
0.02	0.0157243
0.02	0.0157585
0.02	0.015806
0.02	0.0163386
0.02	0.0158535
0.02	0.0157862
0.02	0.0160944
0.02	0.0160378
0.02	0.0168777
0.02	0.016425
0.02	0.0161726
0.02	0.0158376
0.02	0.0160895
0.02	0.0164693
0.02	0.0157011
0.02	0.0152019
0.02	0.0159117
0.02	0.0162227
0.02	0.0164473
0.02	0.0163012
0.02	0.0161633
0.02	0.0162867
0.02	0.0163741
0.02	0.0157693
0.02	0.0153482
0.02	0.016004
0.02	0.0158353
0.02	0.01566
0.02	0.0164399
0.02	0.0161607
0.02	0.0165476
0.02	0.016273
0.02	0.0160621
0.02	0.0160926
0.02	0.0160507
0.02	0.0157434
0.02	0.0157562
0.02	0.0156706
0.02	0.0160679
0.02	0.0164097
0.02	0.0157431
0.02	0.0162196
0.02	0.0156571
0.02	0.0158455
0.02	0.0155505
0.02	0.0161647
0.02	0.0156785
0.02	0.0159746
0.02	0.0160585
0.02	0.0153291
0.02	0.016485
0.02	0.0162752
0.02	0.0159929
0.02	0.0156471
0.02	0.0156318
0.02	0.0153097
0.02	0.0160825
0.02	0.0162378
0.02	0.0154601
0.02	0.0162418
0.02	0.0162323
0.02	0.0163507
0.02	0.016185
0.02	0.0161659
0.02	0.0162821
0.02	0.0156591
0.02	0.015628
0.02	0.0161595
0.02	0.0162274
0.02	0.0158588
0.02	0.0172707
0.02	0.0157542
0.02	0.0157904
0.02	0.0158572
0.02	0.0163433
0.02	0.0164101
0.02	0.0161373
0.02	0.0163715
0.02	0.0159956
0.02	0.0153943
0.02	0.0156408
0.02	0.0163421
0.02	0.0163466
0.02	0.0164077
0.02	0.0159737
0.02	0.0161729
0.02	0.0162961
0.02	0.0169443
0.02	0.016421
0.02	0.0153073
0.02	0.015977
0.02	0.0152112
0.02	0.0166103
0.02	0.0165933
0.02	0.0157239
0.02	0.0153663
0.02	0.016181
0.02	0.0161898
0.02	0.0165782
0.02	0.0160567
0.02	0.0166729
0.02	0.016546
0.02	0.0164247
0.02	0.0160358
0.02	0.0157017
0.02	0.0160245
0.02	0.0162466
0.02	0.0159901
0.02	0.0161404
0.02	0.0156435
0.02	0.0163793
0.02	0.0156174
0.02	0.0163801
0.02	0.0164392
0.02	0.015836
0.02	0.0158006
0.02	0.0154299
0.02	0.015693
0.02	0.0160059
0.02	0.0158036
0.02	0.0160136
0.02	0.0164463
0.02	0.015953
0.02	0.0154749
0.02	0.0159967
0.02	0.0159873
0.02	0.0157136
0.02	0.0155291
0.02	0.015637
0.02	0.015912
0.02	0.0167323
0.02	0.0150722
0.02	0.0157621
0.02	0.0161974
0.02	0.0154021
0.02	0.0160981
0.02	0.0163792
0.02	0.0155276
0.02	0.0163369
0.02	0.0158671
0.02	0.0162132
0.02	0.0162839
0.02	0.0157891
0.02	0.0161243
0.02	0.0163068
0.02	0.0165895
0.02	0.0161366
0.02	0.0160506
0.02	0.0168698
0.02	0.0163119
0.02	0.0158646
0.02	0.0159127
0.02	0.0165247
0.02	0.0160893
0.02	0.0161122
0.02	0.0157558
0.02	0.0158482
0.02	0.0155454
0.02	0.0151521
0.02	0.0155701
0.02	0.0164391
0.02	0.016012
0.02	0.0158394
0.02	0.0157964
0.02	0.0157704
0.02	0.0162237
0.02	0.0161072
0.02	0.0159094
0.02	0.0164341
0.02	0.0165667
0.02	0.0164637
0.02	0.0155707
0.02	0.0164505
0.02	0.0163038
0.02	0.0167076
0.02	0.0160597
0.02	0.0160861
0.02	0.0162955
0.02	0.0158239
0.02	0.0156881
0.02	0.0155636
0.02	0.0161072
0.02	0.0163131
0.02	0.0161614
0.02	0.016415
0.02	0.0163784
0.02	0.015696
0.02	0.0165266
0.02	0.0157891
0.02	0.0158937
0.02	0.0161009
0.02	0.0167051
0.02	0.0155235
0.02	0.0161374
0.02	0.0153341
0.02	0.0156581
0.02	0.0162981
0.02	0.0158939
0.02	0.0156739
0.02	0.0160536
0.02	0.0148625
0.02	0.0160894
0.02	0.0166362
0.02	0.0159256
0.02	0.0162273
0.02	0.0160636
0.02	0.0156269
0.02	0.0160141
0.02	0.0153072
0.02	0.0156426
0.02	0.0160457
0.02	0.015581
0.02	0.0163948
0.02	0.0160315
0.02	0.0150465
0.02	0.0160738
0.02	0.0159517
0.02	0.016618
0.02	0.0157735
0.02	0.0163026
0.02	0.0164012
0.02	0.0155653
0.02	0.0156822
0.02	0.0155234
0.02	0.0157807
0.02	0.0154109
0.02	0.0158345
0.02	0.0152139
0.02	0.0155495
0.02	0.0160087
0.02	0.0161348
0.02	0.0155732
0.02	0.0153732
0.02	0.015313
0.02	0.0153514
0.02	0.0154856
0.02	0.0164391
0.02	0.0155668
0.02	0.0162598
0.02	0.0157966
0.02	0.0160395
0.02	0.0155223
0.02	0.0158492
0.02	0.0161342
0.02	0.0164224
0.02	0.016377
0.02	0.0151446
0.02	0.0155846
0.02	0.015804
0.02	0.0158501
0.02	0.015779
0.02	0.0157098
0.02	0.0157552
0.02	0.0156194
0.02	0.0153649
0.02	0.01582
0.02	0.015882
0.02	0.0158636
0.02	0.0155093
0.02	0.0157433
0.02	0.0162018
0.02	0.016304
0.02	0.015239
0.02	0.0158043
0.02	0.0157556
0.02	0.0152439
0.02	0.0160095
0.02	0.0158505
0.02	0.0162714
0.02	0.0160796
0.02	0.0154568
0.02	0.0164582
0.02	0.0156796
0.02	0.0157247
0.02	0.0149473
0.02	0.0166224
0.02	0.0159717
0.02	0.0156773
0.02	0.0162632
0.02	0.0162004
0.02	0.0159636
0.02	0.0158111
0.02	0.0155089
0.02	0.0158984
0.02	0.0161787
0.02	0.0159981
0.02	0.016454
0.02	0.015601
0.02	0.0155752
0.02	0.0157793
0.02	0.01622
0.02	0.0159834
0.02	0.0163708
0.02	0.0157325
0.02	0.0153041
0.02	0.0163368
0.02	0.0159568
0.02	0.0164969
0.02	0.0156085
0.02	0.0160185
0.02	0.0169516
0.02	0.0162468
0.02	0.0165871
0.02	0.0166192
0.02	0.0161936
0.02	0.0165792
0.02	0.0163154
0.02	0.0162404
0.02	0.0160779
0.02	0.0166641
0.02	0.0159257
0.02	0.0161515
0.02	0.0154505
0.02	0.0158506
0.02	0.015568
0.02	0.0158267
0.02	0.0163992
0.02	0.0159696
0.02	0.0162512
0.02	0.0167217
0.02	0.0162423
0.02	0.0157379
0.02	0.0167724
0.02	0.0165054
0.02	0.0158694
0.02	0.0155299
0.02	0.0164962
0.02	0.0165868
0.02	0.0161428
0.02	0.0161852
0.02	0.0156509
0.02	0.0153777
0.02	0.0163075
0.02	0.0164898
0.02	0.0166066
0.02	0.0154724
0.02	0.0169193
0.02	0.0161589
0.02	0.0163394
0.02	0.0155977
0.02	0.0158514
0.02	0.0156246
0.02	0.0158873
0.02	0.016459
0.02	0.0156172
0.02	0.0157814
0.02	0.0161515
0.02	0.0159117
0.02	0.0156907
0.02	0.0158432
0.02	0.0166004
0.02	0.0160274
0.02	0.0164992
0.02	0.0163168
0.02	0.0156804
0.02	0.0157382
0.02	0.0170132
0.02	0.0159574
0.02	0.0164382
0.02	0.015822
0.02	0.0158648
0.02	0.0159216
0.02	0.0161968
0.02	0.0169484
0.02	0.0157086
0.02	0.0169064
0.02	0.0160374
0.02	0.0168025
0.02	0.0155574
0.02	0.0161543
0.02	0.0165934
0.02	0.0160392
0.02	0.0160303
0.02	0.0160464
0.02	0.0155543
0.02	0.0165783
0.02	0.0159214
0.02	0.0168949
0.02	0.0161285
0.02	0.0157078
0.02	0.0165192
0.02	0.0168408
0.02	0.0161279
0.02	0.0164251
0.02	0.0156565
0.02	0.0154369
0.02	0.0159254
0.02	0.0157693
0.02	0.0161673
0.02	0.0157313
0.02	0.0159571
0.02	0.0162564
0.02	0.0158512
0.02	0.0163144
0.02	0.0163181
0.02	0.0160422
0.02	0.0159026
0.02	0.0159339
0.02	0.0155995
0.02	0.016056
0.02	0.0161489
0.02	0.0159757
0.02	0.0163018
0.02	0.0156504
0.02	0.0158708
0.02	0.0157005
0.02	0.0167706
0.02	0.015891
0.02	0.0157096
0.02	0.0168011
0.02	0.0161346
0.02	0.0165466
0.02	0.0165014
0.02	0.0160985
0.02	0.0170596
0.02	0.0150181
0.02	0.0161766
0.02	0.0160323
0.02	0.0161901
0.02	0.0166038
0.02	0.0166174
0.02	0.0160549
0.02	0.016196
0.02	0.015767
0.02	0.0155292
0.02	0.0159361
0.02	0.016133
0.02	0.0159198
0.02	0.0168182
0.02	0.0161065
0.02	0.0166243
0.02	0.0162658
0.02	0.0157937
0.02	0.0161873
0.02	0.01578
0.02	0.0153208
0.02	0.0162073
0.02	0.0163782
0.02	0.0160114
0.02	0.015857
0.02	0.0166073
0.02	0.0157618
0.02	0.0163525
0.02	0.0159093
0.02	0.0161289
0.02	0.0157225
0.02	0.0158491
0.02	0.0161789
0.02	0.0159494
0.02	0.0163058
0.02	0.0160784
0.02	0.0159918
0.02	0.0161485
0.02	0.0162266
0.02	0.0169231
0.02	0.01638
0.02	0.0159349
0.02	0.0153292
0.02	0.0162007
0.02	0.0163001
0.02	0.0156597
0.02	0.0162965
0.02	0.0158583
0.02	0.0162584
0.02	0.0157611
0.02	0.0153364
0.02	0.0159072
0.02	0.0161008
0.02	0.0158262
0.02	0.0162249
0.02	0.0163355
0.02	0.0164059
0.02	0.0158672
0.02	0.0157576
0.02	0.0162394
0.02	0.016024
0.02	0.0162131
0.02	0.0165399
0.02	0.0158447
0.02	0.0165862
0.02	0.0155714
0.02	0.0165549
0.02	0.0158994
0.02	0.0158378
0.02	0.0160672
0.02	0.0163093
0.02	0.0157522
0.02	0.0155457
0.02	0.0156213
0.02	0.0160711
0.02	0.0162262
0.02	0.0153309
0.02	0.0168405
0.02	0.0163595
0.02	0.0154347
0.02	0.0155079
0.02	0.0154686
0.02	0.0166132
0.02	0.0154155
0.02	0.0165568
0.02	0.0155916
0.02	0.0150632
0.02	0.0158647
0.02	0.0160548
0.02	0.0168964
0.02	0.0158241
0.02	0.0156486
0.02	0.0155241
0.02	0.0157894
0.02	0.0154588
0.02	0.0160552
0.02	0.0163563
0.02	0.0164118
0.02	0.0163766
0.02	0.015892
0.02	0.0162464
0.02	0.0164872
0.02	0.0163193
0.02	0.0159099
0.02	0.0158313
0.02	0.0159813
0.02	0.0163584
0.02	0.0155192
0.02	0.0153352
0.02	0.0161513
0.02	0.0160002
0.02	0.0159987
0.02	0.0159184
0.02	0.0158748
0.02	0.0154727
0.02	0.0161313
0.02	0.0155169
0.02	0.0159279
0.02	0.0163734
0.02	0.0162285
0.02	0.015522
0.02	0.015911
0.02	0.0157778
0.02	0.0155628
0.02	0.0159242
0.02	0.0155691
0.02	0.0156726
0.02	0.0166275
0.02	0.0153703
0.02	0.0164333
0.02	0.0169087
0.02	0.0156391
0.02	0.0161059
0.02	0.0167693
0.02	0.0156573
0.02	0.0161362
0.02	0.0159283
0.02	0.0161798
0.02	0.0162464
0.02	0.0157982
0.02	0.0163143
0.02	0.016057
0.02	0.0162358
0.02	0.0164101
0.02	0.016047
0.02	0.0154112
0.02	0.0156508
0.02	0.0153316
0.02	0.0152403
0.02	0.015915
0.02	0.015987
0.02	0.0158023
0.02	0.0155106
0.02	0.0165533
0.02	0.0158616
0.02	0.0164454
0.02	0.0161729
0.02	0.0158799
0.02	0.0158042
0.02	0.0154662
0.02	0.0153557
0.02	0.0161264
0.02	0.0149967
0.02	0.0163232
0.02	0.0161634
0.02	0.0157172
0.02	0.0160962
0.02	0.015924
0.02	0.0158824
0.02	0.0155509
0.02	0.0154663
0.02	0.0163731
0.02	0.0163837
0.02	0.0156361
0.02	0.0155716
0.02	0.0162025
0.02	0.0162865
0.02	0.0155052
0.02	0.0154929
0.02	0.0160144
0.02	0.0156597
0.02	0.0163932
0.02	0.0165987
0.02	0.015974
0.02	0.0156679
0.02	0.0159225
0.02	0.0160275
0.02	0.0160765
0.02	0.016381
0.02	0.0163587
0.02	0.0163857
0.02	0.0164176
0.02	0.015709
0.02	0.0154286
0.02	0.0160099
0.02	0.0158797
0.02	0.0171684
0.02	0.015823
0.02	0.0155837
0.02	0.0157375
0.02	0.0157896
0.02	0.0157835
0.02	0.0157782
0.02	0.015825
0.02	0.0156853
0.02	0.0158453
0.02	0.0152026
0.02	0.0158174
0.02	0.0151939
0.02	0.015817
0.02	0.0157443
0.02	0.0156853
0.02	0.015708
0.02	0.0157613
0.02	0.016567
0.02	0.0158822
0.02	0.0157683
0.02	0.0156939
0.02	0.0155146
0.02	0.0155068
0.02	0.016013
0.02	0.0167911
0.02	0.0163019
0.02	0.0153972
0.02	0.0160781
0.02	0.0165717
0.02	0.015687
0.02	0.0166608
0.02	0.0159662
0.02	0.016502
0.02	0.0159365
0.02	0.0163426
0.02	0.0157761
0.02	0.0159575
0.02	0.0160937
0.02	0.0159016
0.02	0.0164314
0.02	0.0156316
0.02	0.0159236
0.02	0.0155804
0.02	0.0158809
0.02	0.0151679
0.02	0.0159756
0.02	0.0157022
0.02	0.0158522
0.02	0.0166602
0.02	0.015926
0.02	0.0156275
0.02	0.0164227
0.02	0.0157956
0.02	0.0158742
0.02	0.0161184
0.02	0.0155458
0.02	0.0164374
0.02	0.0155743
0.02	0.0152513
0.02	0.0161728
0.02	0.0161815
0.02	0.0159067
0.02	0.0157526
0.02	0.0156664
0.02	0.0162177
0.02	0.0164168
0.02	0.0167676
0.02	0.0153794
0.02	0.0155971
0.02	0.0154721
0.02	0.0158536
0.02	0.0156894
0.02	0.0155438
0.02	0.0155663
0.02	0.0159239
0.02	0.0158707
0.02	0.016446
0.02	0.0157193
0.02	0.0157878
0.02	0.0160073
0.02	0.0159724
0.02	0.0161737
0.02	0.0159302
0.02	0.0163739
0.02	0.0159812
0.02	0.0157419
0.02	0.0156548
0.02	0.0161248
0.02	0.0156674
0.02	0.0161492
0.02	0.0154411
0.02	0.0156895
0.02	0.0161319
0.02	0.015882
0.02	0.0155295
0.02	0.0160507
0.02	0.0154961
0.02	0.0159016
0.02	0.015691
0.02	0.015944
0.02	0.015684
0.02	0.016087
0.02	0.0160672
0.02	0.0157877
0.02	0.015988
0.02	0.0160778
0.02	0.0156528
0.02	0.0155782
0.02	0.0167154
0.02	0.0165041
0.02	0.0160635
0.02	0.0160921
0.02	0.0157165
0.02	0.0156145
0.02	0.016119
0.02	0.0161649
0.02	0.0157123
0.02	0.0166627
0.02	0.0157248
0.02	0.0163703
0.02	0.0163813
0.02	0.0157732
0.02	0.0157903
0.02	0.0155303
0.02	0.0162287
0.02	0.0163225
0.02	0.016015
0.02	0.0160467
0.02	0.0158641
0.02	0.0156826
0.02	0.0160172
0.02	0.0158735
0.02	0.0159923
0.02	0.015823
0.02	0.0163461
0.02	0.016431
0.02	0.0155121
0.02	0.0157277
0.02	0.0157291
0.02	0.0158961
0.02	0.0152239
0.02	0.0155456
0.02	0.0156441
0.02	0.0151684
0.02	0.0163991
0.02	0.0161211
0.02	0.0151468
0.02	0.0164248
0.02	0.0163357
0.02	0.0157625
0.02	0.0157332
0.02	0.0154819
0.02	0.0161149
0.02	0.016218
0.02	0.0155602
0.02	0.0153383
0.02	0.0163058
0.02	0.0161693
0.02	0.0164307
0.02	0.0158051
0.02	0.0153803
0.02	0.0157963
0.02	0.0162069
0.02	0.0161305
0.02	0.0157233
0.02	0.0159789
0.02	0.0157282
0.02	0.0156459
0.02	0.0157505
0.02	0.0157817
0.02	0.0162653
0.02	0.0156372
0.02	0.0151475
0.02	0.0156808
0.02	0.0156932
0.02	0.0160725
0.02	0.0155216
0.02	0.016108
0.02	0.0159848
0.02	0.0158393
0.02	0.0157195
0.02	0.0157013
0.02	0.0153988
0.02	0.016085
0.02	0.0158452
0.02	0.0156214
0.02	0.0160088
0.02	0.0157834
0.02	0.0163818
0.02	0.0159018
0.02	0.0156679
0.02	0.0158843
0.02	0.0151634
0.02	0.0158065
0.02	0.0161956
0.02	0.0159111
0.02	0.0158463
0.02	0.016304
0.02	0.0163983
0.02	0.0157448
0.02	0.0162431
0.02	0.0152061
0.02	0.0157305
0.02	0.0153223
0.02	0.0153379
0.02	0.0162296
0.02	0.0155696
0.02	0.0155031
0.02	0.0160438
0.02	0.0159558
0.02	0.0158443
0.02	0.0153882
0.02	0.0156826
0.02	0.0159638
0.02	0.0158411
0.02	0.0159446
0.02	0.0162631
0.02	0.0158698
0.02	0.0156465
0.02	0.0156197
0.02	0.0159849
0.02	0.0153534
0.02	0.0153619
0.02	0.0164508
0.02	0.0159967
0.02	0.0161919
0.02	0.0153016
0.02	0.01618
0.02	0.0153872
0.02	0.0159671
0.02	0.0155784
0.02	0.0155198
0.02	0.0155667
0.02	0.0160871
0.02	0.0153061
0.02	0.0155708
0.02	0.0166977
0.02	0.015554
0.02	0.0159048
0.02	0.0158231
0.02	0.0165788
0.02	0.0161477
0.02	0.0161031
0.02	0.0159766
0.02	0.016455
0.02	0.0163696
0.02	0.0154843
0.02	0.0160495
0.02	0.0155396
0.02	0.0162052
0.02	0.0159268
0.02	0.0157862
0.02	0.0158821
0.02	0.0158399
0.02	0.0163212
0.02	0.015882
0.02	0.0156808
0.02	0.0163061
0.02	0.0166113
0.02	0.0161271
0.02	0.0158516
0.02	0.0163411
0.02	0.0155511
0.02	0.016081
0.02	0.0157284
0.02	0.0162323
0.02	0.0152755
0.02	0.01595
0.02	0.0156829
0.02	0.0163383
0.02	0.0158461
0.02	0.0163977
0.02	0.0163627
0.02	0.0161516
0.02	0.016285
0.02	0.0159504
0.02	0.0157497
0.02	0.0165031
