0.02	0.0229148
0.02	0.0229136
0.02	0.0228038
0.02	0.022596
0.02	0.02275
0.02	0.0227501
0.02	0.0228951
0.02	0.0230479
0.02	0.0226407
0.02	0.0226086
0.02	0.0230133
0.02	0.0228674
0.02	0.0229228
0.02	0.0228811
0.02	0.0232461
0.02	0.022924
0.02	0.0225106
0.02	0.0224199
0.02	0.0228016
0.02	0.0230188
0.02	0.0228875
0.02	0.0229674
0.02	0.0228724
0.02	0.0229153
0.02	0.0230044
0.02	0.0225392
0.02	0.0229178
0.02	0.0231383
0.02	0.022615
0.02	0.0229107
0.02	0.0229068
0.02	0.0226575
0.02	0.0225521
0.02	0.023218
0.02	0.023059
0.02	0.022855
0.02	0.0228797
0.02	0.0229133
0.02	0.0224307
0.02	0.0226059
0.02	0.0231865
0.02	0.0226904
0.02	0.0228061
0.02	0.0227161
0.02	0.0226645
0.02	0.0231652
0.02	0.022925
0.02	0.0232362
0.02	0.0229966
0.02	0.0227619
0.02	0.0228364
0.02	0.0230132
0.02	0.0226802
0.02	0.0224462
0.02	0.0229305
0.02	0.0231681
0.02	0.0229359
0.02	0.0231531
0.02	0.0226894
0.02	0.0225461
0.02	0.0226529
0.02	0.0227311
0.02	0.0230947
0.02	0.022717
0.02	0.0228041
0.02	0.0228573
0.02	0.0229179
0.02	0.0227586
0.02	0.022757
0.02	0.0227165
0.02	0.0229749
0.02	0.0228813
0.02	0.0229432
0.02	0.0228522
0.02	0.022765
0.02	0.0226318
0.02	0.0233232
0.02	0.0231528
0.02	0.0229743
0.02	0.0229315
0.02	0.0229135
0.02	0.0229059
0.02	0.022953
0.02	0.02338
0.02	0.0228213
0.02	0.0225581
0.02	0.0226063
0.02	0.0231758
0.02	0.0228092
0.02	0.0230531
0.02	0.023039
0.02	0.0230812
0.02	0.0229244
0.02	0.0229658
0.02	0.0226235
0.02	0.0235083
0.02	0.0224238
0.02	0.0228751
0.02	0.0227415
0.02	0.0235335
0.02	0.0226374
0.02	0.0226058
0.02	0.0226856
0.02	0.0229642
0.02	0.022803
0.02	0.0228236
0.02	0.0229045
0.02	0.0228419
0.02	0.0229874
0.02	0.0225425
0.02	0.0230967
0.02	0.0228913
0.02	0.0230063
0.02	0.0226582
0.02	0.0227516
0.02	0.0231478
0.02	0.0231696
0.02	0.0228854
0.02	0.0224683
0.02	0.0231693
0.02	0.0230235
0.02	0.0225536
0.02	0.0226818
0.02	0.0224222
0.02	0.0228168
0.02	0.0230859
0.02	0.0227066
0.02	0.0229326
0.02	0.0227435
0.02	0.0225824
0.02	0.0226712
0.02	0.0229153
0.02	0.0227838
0.02	0.0228536
0.02	0.0229392
0.02	0.0227145
0.02	0.0224754
0.02	0.0226026
0.02	0.0230525
0.02	0.0225312
0.02	0.0227528
0.02	0.0231519
0.02	0.0233706
0.02	0.0226651
0.02	0.0230903
0.02	0.0229496
0.02	0.0231158
0.02	0.0226395
0.02	0.0229309
0.02	0.0227071
0.02	0.0230462
0.02	0.0230702
0.02	0.022761
0.02	0.0226192
0.02	0.0230707
0.02	0.0230076
0.02	0.0226873
0.02	0.0227808
0.02	0.0230092
0.02	0.0225491
0.02	0.0235397
0.02	0.02261
0.02	0.0229792
0.02	0.0229155
0.02	0.0229604
0.02	0.0225749
0.02	0.0231728
0.02	0.0227355
0.02	0.0228098
0.02	0.0230948
0.02	0.0227561
0.02	0.0225385
0.02	0.0226269
0.02	0.0228889
0.02	0.0227448
0.02	0.0225706
0.02	0.0228081
0.02	0.0229418
0.02	0.022998
0.02	0.022979
0.02	0.0230585
0.02	0.0224522
0.02	0.0229999
0.02	0.0226455
0.02	0.0226337
0.02	0.0229668
0.02	0.0225582
0.02	0.0228357
0.02	0.0230219
0.02	0.0226624
0.02	0.0226278
0.02	0.0227396
0.02	0.0231279
0.02	0.0229085
0.02	0.0228478
0.02	0.0223527
0.02	0.0226505
0.02	0.0228928
0.02	0.0225517
0.02	0.0230082
0.02	0.0227753
0.02	0.022811
0.02	0.0224872
0.02	0.0230718
0.02	0.0228659
0.02	0.022736
0.02	0.0228207
0.02	0.0226793
0.02	0.0226623
0.02	0.0229394
0.02	0.022889
0.02	0.023113
0.02	0.0228001
0.02	0.0231683
0.02	0.0225585
0.02	0.0225569
0.02	0.0227111
0.02	0.022894
0.02	0.0229152
0.02	0.0226126
0.02	0.023178
0.02	0.0230233
0.02	0.0228488
0.02	0.0227419
0.02	0.0229597
0.02	0.0229648
0.02	0.0230681
0.02	0.0227063
0.02	0.0230074
0.02	0.022707
0.02	0.022897
0.02	0.0227685
0.02	0.0229594
0.02	0.0229754
0.02	0.0226754
0.02	0.0228681
0.02	0.0228578
0.02	0.0233356
0.02	0.0225482
0.02	0.0227389
0.02	0.0228527
0.02	0.0226979
0.02	0.0233717
0.02	0.0229287
0.02	0.0227126
0.02	0.0230128
0.02	0.023188
0.02	0.0230827
0.02	0.0227395
0.02	0.0225937
0.02	0.0228427
0.02	0.022765
0.02	0.0227924
0.02	0.0226873
0.02	0.0236913
0.02	0.0228185
0.02	0.0226963
0.02	0.0227367
0.02	0.0229006
0.02	0.0226202
0.02	0.0227287
0.02	0.0226995
0.02	0.0224584
0.02	0.022915
0.02	0.0227836
0.02	0.0232395
0.02	0.0227248
0.02	0.0227441
0.02	0.0230702
0.02	0.0224607
0.02	0.0223296
0.02	0.0224473
0.02	0.0227035
0.02	0.0230463
0.02	0.0224309
0.02	0.0227831
0.02	0.0231171
0.02	0.0225404
0.02	0.0225501
0.02	0.0230621
0.02	0.0229729
0.02	0.023254
0.02	0.0235028
0.02	0.0228885
0.02	0.0225362
0.02	0.02295
0.02	0.023167
0.02	0.0232206
0.02	0.0227363
0.02	0.0228117
0.02	0.0231434
0.02	0.0234741
0.02	0.0228612
0.02	0.0234281
0.02	0.0228263
0.02	0.0230631
0.02	0.022754
0.02	0.0232351
0.02	0.0228697
0.02	0.0227367
0.02	0.023187
0.02	0.0229692
0.02	0.0229191
0.02	0.0228433
0.02	0.0229106
0.02	0.0227006
0.02	0.0228537
0.02	0.0228618
0.02	0.0230012
0.02	0.0228953
0.02	0.0225254
0.02	0.022762
0.02	0.023143
0.02	0.0224318
0.02	0.0234438
0.02	0.0226387
0.02	0.0231123
0.02	0.0227441
0.02	0.0228761
0.02	0.02303
0.02	0.0229177
0.02	0.022724
0.02	0.0226057
0.02	0.0228655
0.02	0.0226443
0.02	0.0226561
0.02	0.0230372
0.02	0.0234122
0.02	0.0225382
0.02	0.0228638
0.02	0.0228303
0.02	0.0227537
0.02	0.0226318
0.02	0.0224387
0.02	0.0226673
0.02	0.0232457
0.02	0.0222508
0.02	0.0231384
0.02	0.0232347
0.02	0.0227072
0.02	0.0231154
0.02	0.0225411
0.02	0.0230904
0.02	0.022856
0.02	0.0231167
0.02	0.0225194
0.02	0.0227717
0.02	0.0231105
0.02	0.0225219
0.02	0.0228288
0.02	0.0235426
0.02	0.0230687
0.02	0.0229771
0.02	0.022684
0.02	0.0229467
0.02	0.02265
0.02	0.0227443
0.02	0.0230785
0.02	0.0228317
0.02	0.0229984
0.02	0.0227283
0.02	0.023179
0.02	0.0226977
0.02	0.0227505
0.02	0.0226336
0.02	0.0229432
0.02	0.0230078
0.02	0.0229099
0.02	0.0231216
0.02	0.0229277
0.02	0.0226036
0.02	0.0232027
0.02	0.0233899
0.02	0.0227952
0.02	0.0229371
0.02	0.0224833
0.02	0.0232339
0.02	0.0227018
0.02	0.0228408
0.02	0.0228791
0.02	0.0228284
0.02	0.0226561
0.02	0.0228081
0.02	0.0235652
0.02	0.0227975
0.02	0.0227199
0.02	0.023257
0.02	0.022835
0.02	0.0230754
0.02	0.022884
0.02	0.0229924
0.02	0.0228714
0.02	0.0230772
0.02	0.0227999
0.02	0.022788
0.02	0.0226871
0.02	0.0228066
0.02	0.0234726
0.02	0.0226826
0.02	0.0226992
0.02	0.023144
0.02	0.0227867
0.02	0.0228819
0.02	0.0223544
0.02	0.0230383
0.02	0.0226437
0.02	0.0224765
0.02	0.0222159
0.02	0.0225857
0.02	0.0227371
0.02	0.0226367
0.02	0.0227289
0.02	0.0230864
0.02	0.0229799
0.02	0.0227384
0.02	0.0232017
0.02	0.0226984
0.02	0.0226586
0.02	0.0233217
0.02	0.0232372
0.02	0.0228465
0.02	0.0228058
0.02	0.0227985
0.02	0.0229884
0.02	0.0229247
0.02	0.022829
0.02	0.0226518
0.02	0.0227845
0.02	0.0230962
0.02	0.0232307
0.02	0.0229502
0.02	0.0230076
0.02	0.0226472
0.02	0.0227765
0.02	0.0231258
0.02	0.0228272
0.02	0.0231802
0.02	0.023397
0.02	0.0226968
0.02	0.0231421
0.02	0.0232364
0.02	0.0228348
0.02	0.0227718
0.02	0.0230438
0.02	0.0231478
0.02	0.022941
0.02	0.0231121
0.02	0.0231691
0.02	0.0229979
0.02	0.0233929
0.02	0.0233736
0.02	0.023502
0.02	0.0229451
0.02	0.0232945
0.02	0.0232124
0.02	0.0229381
0.02	0.0229199
0.02	0.0229459
0.02	0.0230384
0.02	0.0231153
0.02	0.0229198
0.02	0.0232009
0.02	0.0229935
0.02	0.0224316
0.02	0.02289
0.02	0.0226281
0.02	0.0229004
0.02	0.0224294
0.02	0.0227482
0.02	0.0225157
0.02	0.0225416
0.02	0.0224758
0.02	0.022886
0.02	0.0230621
0.02	0.0229005
0.02	0.023024
0.02	0.0228568
0.02	0.0231433
0.02	0.0233357
0.02	0.0232639
0.02	0.0226243
0.02	0.0228876
0.02	0.0226835
0.02	0.0228858
0.02	0.0229401
0.02	0.0231236
0.02	0.022653
0.02	0.0231775
0.02	0.0228886
0.02	0.0225161
0.02	0.0229223
0.02	0.0233012
0.02	0.023026
0.02	0.0229893
0.02	0.0230924
0.02	0.0230071
0.02	0.0228705
0.02	0.0230699
0.02	0.022982
0.02	0.0227063
0.02	0.0230164
0.02	0.0227012
0.02	0.0229358
0.02	0.0228498
0.02	0.0232856
0.02	0.0227966
0.02	0.0229609
0.02	0.0229479
0.02	0.0231305
0.02	0.02335
0.02	0.0226932
0.02	0.0228
0.02	0.0231151
0.02	0.0230988
0.02	0.0232312
0.02	0.0229806
0.02	0.0230566
0.02	0.023427
0.02	0.0229931
0.02	0.0229308
0.02	0.0229239
0.02	0.0227487
0.02	0.0227862
0.02	0.0225421
0.02	0.0228972
0.02	0.0227572
0.02	0.022313
0.02	0.0225605
0.02	0.0227684
0.02	0.0224653
0.02	0.022887
0.02	0.0225126
0.02	0.0224223
0.02	0.0226531
0.02	0.0226106
0.02	0.0226646
0.02	0.0225467
0.02	0.0228081
0.02	0.0229098
0.02	0.0227632
0.02	0.0226749
0.02	0.0226762
0.02	0.0227356
0.02	0.0224257
0.02	0.0226887
0.02	0.0228114
0.02	0.0229287
0.02	0.0231852
0.02	0.0234817
0.02	0.0228013
0.02	0.0228447
0.02	0.0231821
0.02	0.0228037
0.02	0.0232518
0.02	0.0233936
0.02	0.0230426
0.02	0.0232545
0.02	0.0225475
0.02	0.0229147
0.02	0.0228026
0.02	0.0232743
0.02	0.0229055
0.02	0.0231252
0.02	0.0231079
0.02	0.0229106
0.02	0.022752
0.02	0.0226931
0.02	0.022808
0.02	0.0229589
0.02	0.0226139
0.02	0.0230903
0.02	0.0228936
0.02	0.0226614
0.02	0.0227624
0.02	0.0231024
0.02	0.0225514
0.02	0.0235012
0.02	0.0227561
0.02	0.0226969
0.02	0.0229271
0.02	0.0228845
0.02	0.0230852
0.02	0.0226156
0.02	0.0227788
0.02	0.0227494
0.02	0.0229136
0.02	0.0229122
0.02	0.0233536
0.02	0.0229677
0.02	0.0229541
0.02	0.0228626
0.02	0.0230754
0.02	0.0231158
0.02	0.0232184
0.02	0.0228273
0.02	0.0232398
0.02	0.0229529
0.02	0.0226357
0.02	0.0233478
0.02	0.0227603
0.02	0.0231358
0.02	0.0234534
0.02	0.0228264
0.02	0.022689
0.02	0.0228646
0.02	0.022741
0.02	0.0228912
0.02	0.0228331
0.02	0.0231998
0.02	0.0228906
0.02	0.0231546
0.02	0.0227832
0.02	0.0233582
0.02	0.0229119
0.02	0.0230196
0.02	0.0232479
0.02	0.0227573
0.02	0.0228775
0.02	0.022627
0.02	0.0224368
0.02	0.0223307
0.02	0.0223921
0.02	0.0226534
0.02	0.0229737
0.02	0.0226883
0.02	0.0228336
0.02	0.0227553
0.02	0.023034
0.02	0.0229879
0.02	0.0231447
0.02	0.0227557
0.02	0.0234917
0.02	0.0230993
0.02	0.0228322
0.02	0.0227083
0.02	0.0227133
0.02	0.022466
0.02	0.0228831
0.02	0.0225085
0.02	0.0226866
0.02	0.0225209
0.02	0.0226776
0.02	0.0226776
0.02	0.0226675
0.02	0.0227585
0.02	0.0225843
0.02	0.0227522
0.02	0.0229877
0.02	0.0228105
0.02	0.0226767
0.02	0.0229164
0.02	0.0225952
0.02	0.0226634
0.02	0.0224517
0.02	0.0228827
0.02	0.0223851
0.02	0.0222938
0.02	0.0225197
0.02	0.0226296
0.02	0.0224614
0.02	0.0228668
0.02	0.0226958
0.02	0.0225606
0.02	0.0224431
0.02	0.0226395
0.02	0.0225436
0.02	0.0226006
0.02	0.0225547
0.02	0.0225549
0.02	0.0227052
0.02	0.0227727
0.02	0.0227501
0.02	0.0227209
0.02	0.0225057
0.02	0.0228683
0.02	0.0228807
0.02	0.0224485
0.02	0.0224655
0.02	0.0222834
0.02	0.0224575
0.02	0.022736
0.02	0.0222343
0.02	0.0229455
0.02	0.0223179
0.02	0.0226353
0.02	0.0231018
0.02	0.0225482
0.02	0.0223555
0.02	0.022336
0.02	0.0227027
0.02	0.0227659
0.02	0.0226746
0.02	0.0227449
0.02	0.022492
0.02	0.0225764
0.02	0.0227323
0.02	0.0225328
0.02	0.0229521
0.02	0.0227027
0.02	0.0225099
0.02	0.0230009
0.02	0.0227914
0.02	0.0225542
0.02	0.0227621
0.02	0.0231874
0.02	0.0227945
0.02	0.0222446
0.02	0.022622
0.02	0.0228276
0.02	0.0224701
0.02	0.0228208
0.02	0.0224746
0.02	0.0225391
0.02	0.0229084
0.02	0.022936
0.02	0.0226012
0.02	0.0225324
0.02	0.0227945
0.02	0.022426
0.02	0.0226546
0.02	0.0224815
0.02	0.0226168
0.02	0.0228904
0.02	0.022546
0.02	0.0225684
0.02	0.022381
0.02	0.0224216
0.02	0.0223261
0.02	0.0226612
0.02	0.0223798
0.02	0.0230352
0.02	0.0220795
0.02	0.0225286
0.02	0.0223997
0.02	0.0226556
0.02	0.0227462
0.02	0.0224374
0.02	0.0228474
0.02	0.0225717
0.02	0.0228062
0.02	0.0227828
0.02	0.0228931
0.02	0.0227521
0.02	0.0229069
0.02	0.0224837
0.02	0.0227547
0.02	0.0227646
0.02	0.022329
0.02	0.0227426
0.02	0.0226395
0.02	0.0227514
0.02	0.0228401
0.02	0.0223495
0.02	0.0225166
0.02	0.0225265
0.02	0.0225233
0.02	0.0224063
0.02	0.0224841
0.02	0.0224072
0.02	0.0228022
0.02	0.0223476
0.02	0.0224228
0.02	0.0225761
0.02	0.0230147
0.02	0.0228333
0.02	0.0224761
0.02	0.0226428
0.02	0.0230324
0.02	0.0224607
0.02	0.0221685
0.02	0.0226776
0.02	0.0220459
0.02	0.0223832
0.02	0.0225279
0.02	0.022722
0.02	0.0227222
0.02	0.0226355
0.02	0.022406
0.02	0.0223665
0.02	0.0223638
0.02	0.0231972
0.02	0.0230419
0.02	0.0226656
0.02	0.0226258
0.02	0.0228552
0.02	0.0227814
0.02	0.0226858
0.02	0.0224071
0.02	0.0224491
0.02	0.0223195
0.02	0.0228073
0.02	0.0227296
0.02	0.0227315
0.02	0.0234178
0.02	0.0227524
0.02	0.0224716
0.02	0.0222393
0.02	0.0222996
0.02	0.0224229
0.02	0.0228998
0.02	0.0225103
0.02	0.0225693
0.02	0.0227229
0.02	0.0225307
0.02	0.0226948
0.02	0.0227046
0.02	0.0228001
0.02	0.0227022
0.02	0.0227882
0.02	0.0233084
0.02	0.0226102
0.02	0.0231662
0.02	0.0241034
0.02	0.0232196
0.02	0.0230264
0.02	0.0229263
0.02	0.0228158
0.02	0.0228612
0.02	0.0228335
0.02	0.0227644
0.02	0.0233929
0.02	0.0226362
0.02	0.0230789
0.02	0.0229317
0.02	0.0229493
0.02	0.0227688
0.02	0.0231724
0.02	0.0232598
0.02	0.0227692
0.02	0.0230937
0.02	0.0228062
0.02	0.0229329
0.02	0.0235887
0.02	0.0228681
0.02	0.0230414
0.02	0.0232508
0.02	0.0227457
0.02	0.0227152
0.02	0.0230649
0.02	0.0233236
0.02	0.0229044
0.02	0.0226293
0.02	0.0226438
0.02	0.022768
0.02	0.0226413
0.02	0.0225114
0.02	0.022501
0.02	0.0228015
0.02	0.022651
0.02	0.0225927
0.02	0.0225127
0.02	0.0225639
0.02	0.022823
0.02	0.0224623
0.02	0.0222795
0.02	0.0223027
0.02	0.0225764
0.02	0.0224165
0.02	0.0225998
0.02	0.0225755
0.02	0.022301
0.02	0.0223901
0.02	0.0225023
0.02	0.0225774
0.02	0.0227929
0.02	0.0221985
0.02	0.0228296
0.02	0.0226127
0.02	0.0223845
0.02	0.0226081
0.02	0.0225059
0.02	0.0223623
0.02	0.0227617
0.02	0.0226656
0.02	0.0227165
0.02	0.0225923
0.02	0.0224809
0.02	0.0224602
0.02	0.0225958
0.02	0.0225875
0.02	0.0229897
0.02	0.0223748
0.02	0.0228279
0.02	0.0227066
0.02	0.0226656
0.02	0.0227072
0.02	0.0228443
0.02	0.0226461
0.02	0.0229539
0.02	0.0225964
0.02	0.0226057
0.02	0.022893
0.02	0.0226731
0.02	0.0227443
0.02	0.0225439
0.02	0.0222809
0.02	0.0225072
0.02	0.0228461
0.02	0.0222698
0.02	0.0226455
0.02	0.0224905
0.02	0.0228858
0.02	0.0225847
0.02	0.0226309
0.02	0.0224632
0.02	0.0224413
0.02	0.0225303
0.02	0.0223154
0.02	0.0223691
0.02	0.0225846
0.02	0.0223912
0.02	0.0226302
0.02	0.0224856
0.02	0.022442
0.02	0.0228867
0.02	0.0223135
0.02	0.0232182
0.02	0.0225826
0.02	0.0220517
0.02	0.0226112
0.02	0.022461
0.02	0.022528
0.02	0.0230037
0.02	0.0226467
0.02	0.0224108
0.02	0.0226568
0.02	0.0224961
0.02	0.0227969
0.02	0.0224558
0.02	0.0224362
0.02	0.0222966
0.02	0.022784
0.02	0.0228003
0.02	0.0224255
0.02	0.0225172
0.02	0.0226436
0.02	0.0226937
0.02	0.0226586
0.02	0.0226636
0.02	0.0227337
0.02	0.0221879
0.02	0.0227498
0.02	0.0223799
0.02	0.0227252
0.02	0.0228017
0.02	0.022736
0.02	0.022462
0.02	0.0230673
0.02	0.022657
0.02	0.0226657
0.02	0.0227101
0.02	0.0225597
0.02	0.0223443
0.02	0.0228135
0.02	0.0228758
0.02	0.0223143
0.02	0.0227565
0.02	0.0228787
0.02	0.0224813
0.02	0.0225227
0.02	0.0230217
0.02	0.0224935
0.02	0.0224107
0.02	0.022659
0.02	0.0229896
0.02	0.0224479
0.02	0.0226166
0.02	0.0225363
0.02	0.0227631
0.02	0.0222738
0.02	0.0229283
0.02	0.0224685
0.02	0.0225359
0.02	0.0230557
0.02	0.0227931
0.02	0.0231277
0.02	0.0229937
0.02	0.022753
0.02	0.0224609
0.02	0.0225097
0.02	0.0230269
0.02	0.0226733
0.02	0.0232244
0.02	0.0225967
0.02	0.0234192
0.02	0.0224791
0.02	0.0231096
0.02	0.0230832
0.02	0.0231323
0.02	0.022946
0.02	0.022879
0.02	0.0226002
0.02	0.0228262
0.02	0.02277
0.02	0.0229345
0.02	0.0226119
0.02	0.0230918
0.02	0.0227852
0.02	0.022711
0.02	0.0226779
