0.02	0.0308957
0.02	0.0377445
0.02	0.0279691
0.02	0.038445
0.02	0.03203
0.02	0.0329816
0.02	0.033727
0.02	0.0342133
0.02	0.0374909
0.02	0.0370809
0.02	0.0349719
0.02	0.0261955
0.02	0.0373182
0.02	0.0339839
0.02	0.0351329
0.02	0.0318188
0.02	0.030798
0.02	0.0340716
0.02	0.0347343
0.02	0.0336122
0.02	0.0343745
0.02	0.0335781
0.02	0.0294647
0.02	0.0288736
0.02	0.0295793
0.02	0.0319461
0.02	0.0322965
0.02	0.0287094
0.02	0.0300034
0.02	0.0337907
0.02	0.0351992
0.02	0.0371488
0.02	0.0307175
0.02	0.0339001
0.02	0.0376167
0.02	0.0377325
0.02	0.0354306
0.02	0.029614
0.02	0.0362323
0.02	0.0340799
0.02	0.0339536
0.02	0.031132
0.02	0.0352389
0.02	0.0352695
0.02	0.0341439
0.02	0.0332061
0.02	0.0347073
0.02	0.0295458
0.02	0.0329683
0.02	0.0337996
0.02	0.0324671
0.02	0.0257743
0.02	0.0300522
0.02	0.0365714
0.02	0.0324168
0.02	0.0374224
0.02	0.031428
0.02	0.0310227
0.02	0.0322108
0.02	0.0349743
0.02	0.0327646
0.02	0.0362231
0.02	0.0309343
0.02	0.0341693
0.02	0.0360835
0.02	0.0363902
0.02	0.0331329
0.02	0.0348491
0.02	0.0353432
0.02	0.0338095
0.02	0.0359781
0.02	0.0189209
0.02	0.0331048
0.02	0.0333821
0.02	0.026665
0.02	0.0346999
0.02	0.0279866
0.02	0.0345808
0.02	0.0323146
0.02	0.029058
0.02	0.0323161
0.02	0.036962
0.02	0.0373261
0.02	0.0361591
0.02	0.0276493
0.02	0.035033
0.02	0.037096
0.02	0.0313991
0.02	0.0342593
0.02	0.0322539
0.02	0.0292356
0.02	0.0366427
0.02	0.035606
0.02	0.0295028
0.02	0.0340369
0.02	0.0357391
0.02	0.0307454
0.02	0.0338461
0.02	0.0314852
0.02	0.0322208
0.02	0.034472
0.02	0.0320036
0.02	0.0341799
0.02	0.0348958
0.02	0.0367742
0.02	0.0315117
0.02	0.0352494
0.02	0.0352899
0.02	0.0352449
0.02	0.0359339
0.02	0.0334513
0.02	0.034642
0.02	0.0378061
0.02	0.0339927
0.02	0.0327419
0.02	0.035556
0.02	0.0331262
0.02	0.0346083
0.02	0.0340331
0.02	0.035527
0.02	0.0313888
0.02	0.0369834
0.02	0.0383604
0.02	0.0337616
0.02	0.0341415
0.02	0.0351219
0.02	0.031763
0.02	0.0364234
0.02	0.0374808
0.02	0.0355488
0.02	0.033337
0.02	0.0318929
0.02	0.0326825
0.02	0.0325837
0.02	0.0312925
0.02	0.0350709
0.02	0.0348546
0.02	0.0362224
0.02	0.0330957
0.02	0.0333196
0.02	0.0355285
0.02	0.0350978
0.02	0.0295606
0.02	0.0338799
0.02	0.0324253
0.02	0.0354544
0.02	0.0270195
0.02	0.0339028
0.02	0.0326846
0.02	0.0366153
0.02	0.0318786
0.02	0.0338679
0.02	0.0334632
0.02	0.0315357
0.02	0.0310818
0.02	0.0344078
0.02	0.0271405
0.02	0.0325871
0.02	0.0380901
0.02	0.0337706
0.02	0.0341695
0.02	0.0289139
0.02	0.0313863
0.02	0.0382803
0.02	0.03598
0.02	0.0354831
0.02	0.0380547
0.02	0.0376094
0.02	0.0293081
0.02	0.0359933
0.02	0.0369047
0.02	0.0338274
0.02	0.0348034
0.02	0.0335911
0.02	0.0263636
0.02	0.0334366
0.02	0.0365215
0.02	0.0283594
0.02	0.0340418
0.02	0.0363378
0.02	0.0331372
0.02	0.0300744
0.02	0.0326753
0.02	0.0345817
0.02	0.0350715
0.02	0.0373425
0.02	0.02828
0.02	0.03715
0.02	0.0357266
0.02	0.0371263
0.02	0.0379876
0.02	0.0373802
0.02	0.0249575
0.02	0.0368862
0.02	0.036433
0.02	0.0326092
0.02	0.0352887
0.02	0.0345071
0.02	0.0335349
0.02	0.0367413
0.02	0.0363917
0.02	0.0374896
0.02	0.0346667
0.02	0.0371252
0.02	0.0348779
0.02	0.0347686
0.02	0.0320143
0.02	0.0337584
0.02	0.0340432
0.02	0.0339182
0.02	0.0366851
0.02	0.030889
0.02	0.0333873
0.02	0.0333177
0.02	0.0334175
0.02	0.0335712
0.02	0.0354523
0.02	0.0370957
0.02	0.0370816
0.02	0.0400204
0.02	0.0337249
0.02	0.0351312
0.02	0.032968
0.02	0.0343361
0.02	0.0334198
0.02	0.0287352
0.02	0.0343363
0.02	0.0383711
0.02	0.0276731
0.02	0.0329023
0.02	0.0364568
0.02	0.0325191
0.02	0.034705
0.02	0.0340207
0.02	0.0319559
0.02	0.0336895
0.02	0.0337781
0.02	0.0336383
0.02	0.0359059
0.02	0.0357323
0.02	0.0291679
0.02	0.0358989
0.02	0.0372272
0.02	0.0360493
0.02	0.0282372
0.02	0.0357869
0.02	0.0367616
0.02	0.0355017
0.02	0.0339573
0.02	0.0343354
0.02	0.0357359
0.02	0.0318281
0.02	0.0331647
0.02	0.026752
0.02	0.035018
0.02	0.036192
0.02	0.0383358
0.02	0.0317176
0.02	0.0329331
0.02	0.0352335
0.02	0.0342798
0.02	0.0328291
0.02	0.0254371
0.02	0.0339332
0.02	0.0329174
0.02	0.0337496
0.02	0.0355021
0.02	0.0360356
0.02	0.0348067
0.02	0.0352237
0.02	0.0292438
0.02	0.0366319
0.02	0.0353496
0.02	0.0349216
0.02	0.0249281
0.02	0.0380499
0.02	0.0363442
0.02	0.0339931
0.02	0.0354445
0.02	0.0337552
0.02	0.0289376
0.02	0.0374306
0.02	0.032807
0.02	0.0338095
0.02	0.0331187
0.02	0.0324558
0.02	0.0312795
0.02	0.0317683
0.02	0.0317715
0.02	0.036186
0.02	0.036993
0.02	0.036571
0.02	0.0372342
0.02	0.0356141
0.02	0.0243834
0.02	0.024643
0.02	0.0329967
0.02	0.0337429
0.02	0.0327171
0.02	0.0396579
0.02	0.027561
0.02	0.0330392
0.02	0.0362892
0.02	0.0314715
0.02	0.0378708
0.02	0.0377211
0.02	0.0275
0.02	0.0350411
0.02	0.0388454
0.02	0.0335075
0.02	0.0334125
0.02	0.0353721
0.02	0.0325509
0.02	0.032082
0.02	0.0345845
0.02	0.0371397
0.02	0.0379522
0.02	0.0361014
0.02	0.0309674
0.02	0.0358868
0.02	0.0314609
0.02	0.0319055
0.02	0.0328622
0.02	0.0283986
0.02	0.036363
0.02	0.0347796
0.02	0.0347569
0.02	0.0359033
0.02	0.0342033
0.02	0.039126
0.02	0.0311669
0.02	0.0356585
0.02	0.0328435
0.02	0.0357964
0.02	0.0330908
0.02	0.0370307
0.02	0.0337838
0.02	0.0316496
0.02	0.0307744
0.02	0.0342125
0.02	0.0323007
0.02	0.0321566
0.02	0.0275219
0.02	0.0327639
0.02	0.0376177
0.02	0.02722
0.02	0.0357262
0.02	0.0373581
0.02	0.0325269
0.02	0.0335941
0.02	0.0349289
0.02	0.0329633
0.02	0.0309472
0.02	0.0358813
0.02	0.0317346
0.02	0.0330146
0.02	0.029299
0.02	0.0298903
0.02	0.0336891
0.02	0.0371627
0.02	0.0272821
0.02	0.0332258
0.02	0.0374233
0.02	0.0312029
0.02	0.0330741
0.02	0.0342973
0.02	0.0324898
0.02	0.0374873
0.02	0.0384017
0.02	0.0317105
0.02	0.0314395
0.02	0.0372369
0.02	0.033332
0.02	0.0231892
0.02	0.0314334
0.02	0.0282011
0.02	0.0371365
0.02	0.0313809
0.02	0.0326055
0.02	0.0325311
0.02	0.0373109
0.02	0.0360342
0.02	0.0320904
0.02	0.0361389
0.02	0.0317265
0.02	0.0331348
0.02	0.035299
0.02	0.0333771
0.02	0.0335937
0.02	0.0341172
0.02	0.0317264
0.02	0.0339954
0.02	0.0358467
0.02	0.0374495
0.02	0.0272272
0.02	0.0348888
0.02	0.0339639
0.02	0.0362482
0.02	0.0362708
0.02	0.0324974
0.02	0.0342949
0.02	0.0294875
0.02	0.0289274
0.02	0.0324388
0.02	0.0329426
0.02	0.0347421
0.02	0.0334348
0.02	0.0354179
0.02	0.0333594
0.02	0.0298506
0.02	0.0333377
0.02	0.0349405
0.02	0.0331016
0.02	0.0348926
0.02	0.0333983
0.02	0.0346551
0.02	0.0373142
0.02	0.0313185
0.02	0.0300995
0.02	0.032943
0.02	0.0325039
0.02	0.0362183
0.02	0.0317111
0.02	0.0335726
0.02	0.0332455
0.02	0.0378854
0.02	0.0341475
0.02	0.0301761
0.02	0.0336814
0.02	0.0342087
0.02	0.0311593
0.02	0.0329462
0.02	0.0316548
0.02	0.0331116
0.02	0.0311838
0.02	0.0349296
0.02	0.0267116
0.02	0.0364044
0.02	0.0275768
0.02	0.0324754
0.02	0.0350759
0.02	0.0297284
0.02	0.0309795
0.02	0.0355017
0.02	0.0327214
0.02	0.0350393
0.02	0.0344469
0.02	0.0310695
0.02	0.0325848
0.02	0.0346576
0.02	0.0315723
0.02	0.0335914
0.02	0.0357005
0.02	0.0352847
0.02	0.0329379
0.02	0.0345236
0.02	0.0279895
0.02	0.022021
0.02	0.0326375
0.02	0.0345829
0.02	0.0337636
0.02	0.0362136
0.02	0.0352029
0.02	0.0372907
0.02	0.0308568
0.02	0.0383317
0.02	0.0302094
0.02	0.0312732
0.02	0.0364059
0.02	0.0319706
0.02	0.0340497
0.02	0.0348787
0.02	0.0246055
0.02	0.0379519
0.02	0.035789
0.02	0.0334857
0.02	0.0328497
0.02	0.038215
0.02	0.0309827
0.02	0.0321968
0.02	0.0285031
0.02	0.0300283
0.02	0.0251341
0.02	0.0326582
0.02	0.0327363
0.02	0.0363035
0.02	0.0375276
0.02	0.0327662
0.02	0.0370209
0.02	0.0353949
0.02	0.0355822
0.02	0.0347432
0.02	0.0363121
0.02	0.0321398
0.02	0.0372618
0.02	0.0333878
0.02	0.0339437
0.02	0.032323
0.02	0.0336178
0.02	0.0345564
0.02	0.0358571
0.02	0.0268904
0.02	0.0328043
0.02	0.0371962
0.02	0.03362
0.02	0.0329409
0.02	0.0337729
0.02	0.0352511
0.02	0.0365025
0.02	0.0369736
0.02	0.0309877
0.02	0.0340715
0.02	0.0330452
0.02	0.0330052
0.02	0.0327453
0.02	0.0348463
0.02	0.0324617
0.02	0.0333432
0.02	0.0356468
0.02	0.0332526
0.02	0.0342393
0.02	0.0327627
0.02	0.036981
0.02	0.033103
0.02	0.0331188
0.02	0.0295553
0.02	0.0323306
0.02	0.0333951
0.02	0.0341986
0.02	0.0397757
0.02	0.0354314
0.02	0.0323521
0.02	0.0322845
0.02	0.0341879
0.02	0.0323224
0.02	0.0300331
0.02	0.0353592
0.02	0.0347682
0.02	0.0294184
0.02	0.0316415
0.02	0.0409157
0.02	0.0242192
0.02	0.0376952
0.02	0.0348863
0.02	0.0320422
0.02	0.0339357
0.02	0.033812
0.02	0.0336645
0.02	0.0355096
0.02	0.0360581
0.02	0.0300699
0.02	0.0367208
0.02	0.03667
0.02	0.0313925
0.02	0.0361004
0.02	0.036428
0.02	0.0374132
0.02	0.0368843
0.02	0.0298149
0.02	0.03428
0.02	0.0342401
0.02	0.028426
0.02	0.0317185
0.02	0.0361138
0.02	0.0299862
0.02	0.0311483
0.02	0.0315229
0.02	0.0351203
0.02	0.0321008
0.02	0.037482
0.02	0.0312358
0.02	0.0306152
0.02	0.0390019
0.02	0.0274523
0.02	0.0337714
0.02	0.0376114
0.02	0.0360471
0.02	0.0343836
0.02	0.0324
0.02	0.0357451
0.02	0.0308523
0.02	0.0337768
0.02	0.0339747
0.02	0.0260351
0.02	0.0353731
0.02	0.0376994
0.02	0.034082
0.02	0.0370068
0.02	0.0384531
0.02	0.031771
0.02	0.0350587
0.02	0.0364197
0.02	0.0355733
0.02	0.0361889
0.02	0.0375241
0.02	0.0331498
0.02	0.0349641
0.02	0.0302665
0.02	0.0357778
0.02	0.0363742
0.02	0.0338729
0.02	0.0347036
0.02	0.0285584
0.02	0.0364354
0.02	0.0342906
0.02	0.0294858
0.02	0.0332563
0.02	0.0346028
0.02	0.0367455
0.02	0.0309887
0.02	0.027585
0.02	0.0333672
0.02	0.0352743
0.02	0.0341598
0.02	0.0349268
0.02	0.0301268
0.02	0.0318823
0.02	0.0352162
0.02	0.0368316
0.02	0.0370325
0.02	0.0367998
0.02	0.0282045
0.02	0.0343149
0.02	0.0320365
0.02	0.0356729
0.02	0.0342823
0.02	0.037721
0.02	0.0350336
0.02	0.0267344
0.02	0.0361685
0.02	0.035795
0.02	0.0322372
0.02	0.0331598
0.02	0.0353727
0.02	0.0289434
0.02	0.0378642
0.02	0.0329048
0.02	0.0331007
0.02	0.0309686
0.02	0.0357199
0.02	0.0325051
0.02	0.0360351
0.02	0.0377977
0.02	0.0362504
0.02	0.0339938
0.02	0.0380432
0.02	0.0284797
0.02	0.0345305
0.02	0.0373762
0.02	0.0278264
0.02	0.0345587
0.02	0.0354029
0.02	0.0299819
0.02	0.0291374
0.02	0.0370736
0.02	0.0302782
0.02	0.0328574
0.02	0.0346222
0.02	0.0373614
0.02	0.0302946
0.02	0.0366185
0.02	0.033688
0.02	0.0348859
0.02	0.0299142
0.02	0.0328995
0.02	0.0367212
0.02	0.036841
0.02	0.0340534
0.02	0.0356687
0.02	0.0357915
0.02	0.0340967
0.02	0.0347772
0.02	0.0383925
0.02	0.0283155
0.02	0.0354452
0.02	0.0361751
0.02	0.0329759
0.02	0.0314096
0.02	0.0343383
0.02	0.0313163
0.02	0.0334283
0.02	0.0388688
0.02	0.0299802
0.02	0.0364635
0.02	0.0360505
0.02	0.0365682
0.02	0.0343867
0.02	0.0372883
0.02	0.0360669
0.02	0.030006
0.02	0.0295563
0.02	0.0293521
0.02	0.0350207
0.02	0.0310285
0.02	0.0284265
0.02	0.0345582
0.02	0.0380021
0.02	0.0376896
0.02	0.0375732
0.02	0.0339323
0.02	0.0290106
0.02	0.033672
0.02	0.0340011
0.02	0.0352341
0.02	0.0345423
0.02	0.036885
0.02	0.0285784
0.02	0.0369717
0.02	0.0305805
0.02	0.0314658
0.02	0.0336419
0.02	0.0328505
0.02	0.0307732
0.02	0.0301592
0.02	0.0376338
0.02	0.0309495
0.02	0.0329851
0.02	0.0364878
0.02	0.0343858
0.02	0.0369293
0.02	0.0286097
0.02	0.0324492
0.02	0.037822
0.02	0.0364604
0.02	0.0356234
0.02	0.0315535
0.02	0.0383647
0.02	0.0335381
0.02	0.0354888
0.02	0.0366439
0.02	0.0360455
0.02	0.0346912
0.02	0.0309467
0.02	0.0306342
0.02	0.0329122
0.02	0.038353
0.02	0.032729
0.02	0.0347474
0.02	0.0365003
0.02	0.0342708
0.02	0.0320631
0.02	0.0364758
0.02	0.0344405
0.02	0.0339087
0.02	0.0358858
0.02	0.034989
0.02	0.0338318
0.02	0.0380699
0.02	0.0382392
0.02	0.0338952
0.02	0.0367277
0.02	0.0313273
0.02	0.0353069
0.02	0.0339039
0.02	0.0318039
0.02	0.0305751
0.02	0.0366067
0.02	0.0366772
0.02	0.0341955
0.02	0.0364437
0.02	0.0354866
0.02	0.0329757
0.02	0.0349095
0.02	0.0287613
0.02	0.034515
0.02	0.0380359
0.02	0.0266997
0.02	0.035298
0.02	0.0359117
0.02	0.0346
0.02	0.0344092
0.02	0.0339207
0.02	0.0317651
0.02	0.0366335
0.02	0.0352277
0.02	0.0341589
0.02	0.0347096
0.02	0.0317688
0.02	0.0355897
0.02	0.034428
0.02	0.0353768
0.02	0.0255896
0.02	0.0371591
0.02	0.0353359
0.02	0.0328308
0.02	0.0341586
0.02	0.0344482
0.02	0.0359636
0.02	0.0335771
0.02	0.0359366
0.02	0.0353042
0.02	0.0354986
0.02	0.0358329
0.02	0.0341075
0.02	0.0340144
0.02	0.0371241
0.02	0.0319969
0.02	0.0334421
0.02	0.0345232
0.02	0.0357466
0.02	0.0363026
0.02	0.0341416
0.02	0.0380577
0.02	0.0364226
0.02	0.0343735
0.02	0.0298666
0.02	0.0339701
0.02	0.0359708
0.02	0.0357028
0.02	0.0375652
0.02	0.0357958
0.02	0.0319499
0.02	0.0326694
0.02	0.0295979
0.02	0.0332054
0.02	0.0369037
0.02	0.0375222
0.02	0.0375116
0.02	0.0322526
0.02	0.0329955
0.02	0.0262323
0.02	0.0305017
0.02	0.0372418
0.02	0.033002
0.02	0.0294062
0.02	0.0375547
0.02	0.0327328
0.02	0.0361291
0.02	0.0301172
0.02	0.0328112
0.02	0.0353358
0.02	0.034292
0.02	0.0332878
0.02	0.0355121
0.02	0.0377148
0.02	0.0334692
0.02	0.039534
0.02	0.0382717
0.02	0.0293572
0.02	0.0341396
0.02	0.0359002
0.02	0.0321851
0.02	0.0351683
0.02	0.0374139
0.02	0.0287136
0.02	0.035166
0.02	0.0369514
0.02	0.0291134
0.02	0.0310203
0.02	0.0364163
0.02	0.0324436
0.02	0.0347259
0.02	0.0340804
0.02	0.0328422
0.02	0.0370334
0.02	0.0364186
0.02	0.0377567
0.02	0.0363399
0.02	0.0360124
0.02	0.0283874
0.02	0.0340723
0.02	0.0382296
0.02	0.0294051
0.02	0.0315891
0.02	0.0370831
0.02	0.0254761
0.02	0.0288677
0.02	0.0344317
0.02	0.0334189
0.02	0.0340557
0.02	0.035365
0.02	0.0310066
0.02	0.0331318
0.02	0.0342887
0.02	0.0319858
0.02	0.0343507
0.02	0.0352209
0.02	0.0215155
0.02	0.0350831
0.02	0.0363852
0.02	0.0312258
0.02	0.0343127
0.02	0.0362307
0.02	0.0276274
0.02	0.0342283
0.02	0.0357361
0.02	0.0366415
0.02	0.0370085
0.02	0.0373081
0.02	0.0278681
0.02	0.0306564
0.02	0.0338243
0.02	0.0317328
0.02	0.0276514
0.02	0.0357891
0.02	0.0298512
0.02	0.0320407
0.02	0.0356636
0.02	0.0306686
0.02	0.0332354
0.02	0.0367361
0.02	0.0340642
0.02	0.0351055
0.02	0.037297
0.02	0.0343069
0.02	0.033691
0.02	0.0353389
0.02	0.0283703
0.02	0.0355956
0.02	0.0365175
0.02	0.0361373
0.02	0.0283477
0.02	0.0346205
0.02	0.0292787
0.02	0.0362828
0.02	0.0387189
0.02	0.0338451
0.02	0.0355165
0.02	0.0373094
0.02	0.0329088
0.02	0.0319342
0.02	0.0380315
0.02	0.0330663
0.02	0.033714
0.02	0.0325777
0.02	0.0325937
0.02	0.0362521
0.02	0.0384246
0.02	0.0308801
0.02	0.032197
0.02	0.035651
0.02	0.0369646
0.02	0.0348876
0.02	0.0368655
0.02	0.036326
0.02	0.0337302
0.02	0.0322993
0.02	0.033515
0.02	0.0332007
0.02	0.0353568
0.02	0.030231
0.02	0.0294865
0.02	0.0331776
0.02	0.0262103
0.02	0.0361317
0.02	0.0349309
0.02	0.0347766
0.02	0.033431
0.02	0.0371646
0.02	0.0308712
0.02	0.0360274
0.02	0.0336108
0.02	0.0350841
0.02	0.035163
0.02	0.0300829
0.02	0.0334178
0.02	0.0355916
0.02	0.0341064
0.02	0.0381144
0.02	0.0329595
0.02	0.0333145
0.02	0.0316063
0.02	0.0355752
0.02	0.0350838
0.02	0.0345597
0.02	0.0341492
0.02	0.0332944
0.02	0.0294242
0.02	0.0361296
0.02	0.0371863
0.02	0.0355476
0.02	0.0332709
0.02	0.0347207
0.02	0.0368118
0.02	0.0366986
0.02	0.0346441
0.02	0.0341735
0.02	0.0377668
0.02	0.0346041
0.02	0.0355759
0.02	0.0366611
0.02	0.0356491
0.02	0.0304143
0.02	0.0356114
0.02	0.0327727
0.02	0.0367357
0.02	0.0369539
0.02	0.0357482
0.02	0.0257483
0.02	0.0333037
0.02	0.0356081
0.02	0.0325688
0.02	0.0346503
0.02	0.0310372
0.02	0.0326461
0.02	0.0368736
0.02	0.0344324
0.02	0.0319561
0.02	0.0311829
0.02	0.0337159
0.02	0.0336114
0.02	0.0369442
