0.02	0.0190315
0.02	0.0189981
0.02	0.0188076
0.02	0.0188259
0.02	0.0190848
0.02	0.0190359
0.02	0.0188933
0.02	0.0194188
0.02	0.0188105
0.02	0.0193793
0.02	0.0186318
0.02	0.0191829
0.02	0.0188347
0.02	0.0191063
0.02	0.0188437
0.02	0.0192418
0.02	0.0189147
0.02	0.0193886
0.02	0.0193623
0.02	0.0190038
0.02	0.0186705
0.02	0.0190187
0.02	0.018891
0.02	0.019121
0.02	0.0191798
0.02	0.0193982
0.02	0.0193411
0.02	0.0194623
0.02	0.0193313
0.02	0.0192912
0.02	0.0191619
0.02	0.018964
0.02	0.0190488
0.02	0.0195536
0.02	0.019086
0.02	0.0190036
0.02	0.0193918
0.02	0.0195053
0.02	0.0190534
0.02	0.0189223
0.02	0.0192122
0.02	0.0196627
0.02	0.0192534
0.02	0.0193414
0.02	0.0189227
0.02	0.0193475
0.02	0.0192939
0.02	0.01922
0.02	0.0189472
0.02	0.0190356
0.02	0.0188158
0.02	0.019071
0.02	0.0190581
0.02	0.0194152
0.02	0.0190585
0.02	0.0189041
0.02	0.0190334
0.02	0.0189676
0.02	0.0188145
0.02	0.0189846
0.02	0.0193275
0.02	0.0191544
0.02	0.0191967
0.02	0.0188088
0.02	0.0190506
0.02	0.0191268
0.02	0.0190515
0.02	0.0190542
0.02	0.0191764
0.02	0.0190418
0.02	0.0193692
0.02	0.0194234
0.02	0.0192431
0.02	0.0191558
0.02	0.0192209
0.02	0.0194675
0.02	0.0190252
0.02	0.0189811
0.02	0.0189868
0.02	0.0192824
0.02	0.0187616
0.02	0.0192658
0.02	0.0193266
0.02	0.0191952
0.02	0.0188079
0.02	0.0192901
0.02	0.019196
0.02	0.0188147
0.02	0.0187571
0.02	0.0192626
0.02	0.0194728
0.02	0.0191725
0.02	0.019245
0.02	0.0188789
0.02	0.0190512
0.02	0.0190446
0.02	0.0193902
0.02	0.0191451
0.02	0.0192201
0.02	0.0187658
0.02	0.0190649
0.02	0.0188606
0.02	0.0191217
0.02	0.019445
0.02	0.0193032
0.02	0.0190945
0.02	0.0188829
0.02	0.0193096
0.02	0.0190411
0.02	0.0192521
0.02	0.0192606
0.02	0.0191503
0.02	0.0193551
0.02	0.0189639
0.02	0.0193546
0.02	0.0190891
0.02	0.0189003
0.02	0.0187877
0.02	0.019392
0.02	0.0191944
0.02	0.0193176
0.02	0.0192104
0.02	0.0192135
0.02	0.0193583
0.02	0.0192237
0.02	0.0193014
0.02	0.0188962
0.02	0.019334
0.02	0.0190952
0.02	0.0189267
0.02	0.0190209
0.02	0.0191427
0.02	0.019121
0.02	0.0189297
0.02	0.0193646
0.02	0.0191405
0.02	0.0195428
0.02	0.0194685
0.02	0.0191152
0.02	0.019189
0.02	0.0188984
0.02	0.0189381
0.02	0.0189328
0.02	0.0192352
0.02	0.019169
0.02	0.0193546
0.02	0.0190556
0.02	0.01911
0.02	0.0192664
0.02	0.0195903
0.02	0.0188844
0.02	0.0190068
0.02	0.0191742
0.02	0.0191619
0.02	0.0192823
0.02	0.0194855
0.02	0.0193192
0.02	0.0194474
0.02	0.0190034
0.02	0.0189189
0.02	0.0189933
0.02	0.019201
0.02	0.0193587
0.02	0.0191352
0.02	0.0189439
0.02	0.019333
0.02	0.0193541
0.02	0.0190015
0.02	0.0192769
0.02	0.0191805
0.02	0.0192499
0.02	0.0193382
0.02	0.0190942
0.02	0.0191815
0.02	0.0191185
0.02	0.0189073
0.02	0.0189635
0.02	0.0191458
0.02	0.0188524
0.02	0.0188139
0.02	0.0190065
0.02	0.0191627
0.02	0.0190761
0.02	0.0191652
0.02	0.0191775
0.02	0.0191338
0.02	0.0192219
0.02	0.019088
0.02	0.0191627
0.02	0.01879
0.02	0.0189057
0.02	0.0190306
0.02	0.0188998
0.02	0.0190578
0.02	0.0193183
0.02	0.0187632
0.02	0.0189514
0.02	0.0191266
0.02	0.0187733
0.02	0.0188358
0.02	0.018971
0.02	0.019272
0.02	0.019353
0.02	0.0191531
0.02	0.0191215
0.02	0.019164
0.02	0.0192257
0.02	0.0192739
0.02	0.0193473
0.02	0.0188987
0.02	0.0193753
0.02	0.0189243
0.02	0.0188857
0.02	0.0194856
0.02	0.0193035
0.02	0.0190813
0.02	0.0188425
0.02	0.0192334
0.02	0.0188748
0.02	0.0192069
0.02	0.0192888
0.02	0.0193228
0.02	0.0190674
0.02	0.0189577
0.02	0.0188409
0.02	0.0192024
0.02	0.0190138
0.02	0.0193582
0.02	0.0194899
0.02	0.0190135
0.02	0.018996
0.02	0.0188982
0.02	0.0191805
0.02	0.0188673
0.02	0.0193948
0.02	0.0189231
0.02	0.0191348
0.02	0.0188107
0.02	0.0191859
0.02	0.019124
0.02	0.0190445
0.02	0.0195214
0.02	0.0190302
0.02	0.0192002
0.02	0.0192741
0.02	0.0189893
0.02	0.0186755
0.02	0.0190021
0.02	0.0191833
0.02	0.019242
0.02	0.019115
0.02	0.0195116
0.02	0.0188704
0.02	0.0195008
0.02	0.0190746
0.02	0.0196177
0.02	0.019417
0.02	0.0192232
0.02	0.0190796
0.02	0.018688
0.02	0.0188227
0.02	0.0193406
0.02	0.0191264
0.02	0.0190287
0.02	0.0188736
0.02	0.0190742
0.02	0.0190656
0.02	0.0188907
0.02	0.019066
0.02	0.0188421
0.02	0.0195602
0.02	0.0192295
0.02	0.0188745
0.02	0.0189405
0.02	0.0188382
0.02	0.0191759
0.02	0.0188106
0.02	0.019163
0.02	0.0189684
0.02	0.0192535
0.02	0.0190127
0.02	0.0192273
0.02	0.0189175
0.02	0.0190352
0.02	0.0190815
0.02	0.0191216
0.02	0.0187848
0.02	0.0191777
0.02	0.0192541
0.02	0.0192016
0.02	0.0193024
0.02	0.019088
0.02	0.0191083
0.02	0.018738
0.02	0.0193513
0.02	0.0188878
0.02	0.0191992
0.02	0.0191779
0.02	0.0190075
0.02	0.0192497
0.02	0.0189305
0.02	0.0190844
0.02	0.0195675
0.02	0.019
0.02	0.0189356
0.02	0.0194445
0.02	0.0190622
0.02	0.0190568
0.02	0.0191208
0.02	0.018763
0.02	0.0190029
0.02	0.0187604
0.02	0.0191575
0.02	0.0194515
0.02	0.0191742
0.02	0.0190546
0.02	0.0189039
0.02	0.0190991
0.02	0.0186697
0.02	0.0187117
0.02	0.0191229
0.02	0.0191968
0.02	0.0191542
0.02	0.0191316
0.02	0.0186308
0.02	0.0187861
0.02	0.0193436
0.02	0.0188961
0.02	0.0193826
0.02	0.0189334
0.02	0.0187696
0.02	0.0190519
0.02	0.0195065
0.02	0.0189931
0.02	0.0191114
0.02	0.0188099
0.02	0.0190276
0.02	0.0192876
0.02	0.0189684
0.02	0.0191156
0.02	0.0194403
0.02	0.0189815
0.02	0.0193636
0.02	0.0191527
0.02	0.0190152
0.02	0.0188275
0.02	0.0190608
0.02	0.0192251
0.02	0.0192988
0.02	0.0194946
0.02	0.0192963
0.02	0.0189381
0.02	0.0190548
0.02	0.019285
0.02	0.0191039
0.02	0.0191358
0.02	0.0187278
0.02	0.0187614
0.02	0.0188697
0.02	0.0187074
0.02	0.0194175
0.02	0.0192731
0.02	0.0190606
0.02	0.0186526
0.02	0.0187868
0.02	0.0189719
0.02	0.0190877
0.02	0.0190445
0.02	0.0190323
0.02	0.0189052
0.02	0.0195517
0.02	0.0188509
0.02	0.0190931
0.02	0.0191717
0.02	0.0189011
0.02	0.0189562
0.02	0.0192519
0.02	0.0187363
0.02	0.0190138
0.02	0.0187219
0.02	0.0189833
0.02	0.019252
0.02	0.0189266
0.02	0.0193552
0.02	0.0191937
0.02	0.0192159
0.02	0.0188888
0.02	0.0186824
0.02	0.0184848
0.02	0.0189915
0.02	0.0190876
0.02	0.0191398
0.02	0.0189708
0.02	0.0191506
0.02	0.0192428
0.02	0.0189238
0.02	0.0191589
0.02	0.0192696
0.02	0.0191653
0.02	0.018792
0.02	0.0187891
0.02	0.0189672
0.02	0.0188329
0.02	0.0195038
0.02	0.0187764
0.02	0.0191093
0.02	0.0191031
0.02	0.0192634
0.02	0.0190664
0.02	0.0191171
0.02	0.0189223
0.02	0.0189763
0.02	0.0192631
0.02	0.0186649
0.02	0.018913
0.02	0.0193224
0.02	0.0188571
0.02	0.0189693
0.02	0.0192628
0.02	0.0190854
0.02	0.019427
0.02	0.0187367
0.02	0.0190355
0.02	0.0191455
0.02	0.0194458
0.02	0.0193043
0.02	0.0191511
0.02	0.0190243
0.02	0.0190567
0.02	0.0194039
0.02	0.0191685
0.02	0.018982
0.02	0.0186896
0.02	0.0188069
0.02	0.0189705
0.02	0.0189303
0.02	0.0191427
0.02	0.0194595
0.02	0.0189686
0.02	0.0187585
0.02	0.0188554
0.02	0.0188082
0.02	0.0186961
0.02	0.0193403
0.02	0.0185658
0.02	0.0185803
0.02	0.0190196
0.02	0.0188032
0.02	0.0191671
0.02	0.0186518
0.02	0.0186504
0.02	0.0187237
0.02	0.0187952
0.02	0.018797
0.02	0.019226
0.02	0.018945
0.02	0.0191464
0.02	0.0192413
0.02	0.0184809
0.02	0.0187779
0.02	0.0191276
0.02	0.0191001
0.02	0.0189693
0.02	0.0187974
0.02	0.0191137
0.02	0.019193
0.02	0.0191892
0.02	0.0186757
0.02	0.0188246
0.02	0.0190959
0.02	0.0186929
0.02	0.0191212
0.02	0.01876
0.02	0.0191447
0.02	0.0193509
0.02	0.0191735
0.02	0.0186938
0.02	0.0193227
0.02	0.0191409
0.02	0.0190832
0.02	0.0192977
0.02	0.0191397
0.02	0.0188869
0.02	0.0189761
0.02	0.0189689
0.02	0.0189709
0.02	0.0190452
0.02	0.0193263
0.02	0.0193655
0.02	0.0193595
0.02	0.0195081
0.02	0.0188579
0.02	0.0191731
0.02	0.0191604
0.02	0.019418
0.02	0.0188078
0.02	0.0190396
0.02	0.0189785
0.02	0.018972
0.02	0.0191732
0.02	0.0192914
0.02	0.0191173
0.02	0.0194088
0.02	0.0188663
0.02	0.0190146
0.02	0.0193843
0.02	0.0190512
0.02	0.01899
0.02	0.0187694
0.02	0.0187964
0.02	0.0190754
0.02	0.0189843
0.02	0.0189526
0.02	0.0189217
0.02	0.0191777
0.02	0.0190095
0.02	0.0187686
0.02	0.0192577
0.02	0.0190798
0.02	0.0187555
0.02	0.0188292
0.02	0.0189164
0.02	0.0187543
0.02	0.0189449
0.02	0.0191207
0.02	0.019101
0.02	0.0191037
0.02	0.0190048
0.02	0.0188114
0.02	0.019042
0.02	0.0191639
0.02	0.0192735
0.02	0.0192313
0.02	0.0189591
0.02	0.0190846
0.02	0.0191148
0.02	0.0188683
0.02	0.018846
0.02	0.0187283
0.02	0.0194901
0.02	0.0190441
0.02	0.0188456
0.02	0.0189123
0.02	0.0187944
0.02	0.0187731
0.02	0.0188647
0.02	0.0190203
0.02	0.0190624
0.02	0.0193152
0.02	0.0191104
0.02	0.0191824
0.02	0.0193395
0.02	0.0194328
0.02	0.0189028
0.02	0.0190574
0.02	0.0192173
0.02	0.0190717
0.02	0.0185445
0.02	0.019381
0.02	0.019019
0.02	0.0185229
0.02	0.0190081
0.02	0.0186937
0.02	0.0189436
0.02	0.0188772
0.02	0.018719
0.02	0.0191903
0.02	0.0191507
0.02	0.0193579
0.02	0.0190525
0.02	0.0189235
0.02	0.0190675
0.02	0.0191298
0.02	0.0189412
0.02	0.0189668
0.02	0.0188811
0.02	0.0191526
0.02	0.0193104
0.02	0.0191143
0.02	0.0188829
0.02	0.0194198
0.02	0.0191599
0.02	0.0195314
0.02	0.0189583
0.02	0.0191434
0.02	0.0190175
0.02	0.0191391
0.02	0.0192338
0.02	0.0189439
0.02	0.0190986
0.02	0.0188463
0.02	0.0189
0.02	0.0191263
0.02	0.0190775
0.02	0.0190848
0.02	0.0190849
0.02	0.0190569
0.02	0.0191958
0.02	0.0191646
0.02	0.0191534
0.02	0.0185166
0.02	0.0189981
0.02	0.0192195
0.02	0.0185255
0.02	0.0188619
0.02	0.019299
0.02	0.0192107
0.02	0.0189129
0.02	0.0185997
0.02	0.0188447
0.02	0.0190718
0.02	0.019071
0.02	0.0186592
0.02	0.0192172
0.02	0.0190273
0.02	0.0184145
0.02	0.0190606
0.02	0.0190022
0.02	0.0188146
0.02	0.0189048
0.02	0.0189987
0.02	0.0190674
0.02	0.0189381
0.02	0.019253
0.02	0.0191682
0.02	0.0192378
0.02	0.0190556
0.02	0.0191104
0.02	0.0190244
0.02	0.0191107
0.02	0.0189459
0.02	0.0187571
0.02	0.0191874
0.02	0.0186855
0.02	0.0191708
0.02	0.0188489
0.02	0.0192744
0.02	0.0190851
0.02	0.0190384
0.02	0.0189973
0.02	0.0188181
0.02	0.0186728
0.02	0.0191752
0.02	0.0191644
0.02	0.0191076
0.02	0.0190952
0.02	0.0189723
0.02	0.0186367
0.02	0.0188905
0.02	0.0189041
0.02	0.018885
0.02	0.0187385
0.02	0.0189029
0.02	0.0188982
0.02	0.0187641
0.02	0.0190013
0.02	0.0191487
0.02	0.0190739
0.02	0.0189456
0.02	0.0193072
0.02	0.0190053
0.02	0.0190362
0.02	0.0188627
0.02	0.0186638
0.02	0.0192407
0.02	0.0188514
0.02	0.0189167
0.02	0.0187784
0.02	0.0190278
0.02	0.0190241
0.02	0.018855
0.02	0.0188761
0.02	0.0186521
0.02	0.0186972
0.02	0.0192395
0.02	0.0191363
0.02	0.0193127
0.02	0.0190902
0.02	0.0191434
0.02	0.0185934
0.02	0.0191688
0.02	0.0189475
0.02	0.0190876
0.02	0.0187657
0.02	0.0189598
0.02	0.0188229
0.02	0.0187942
0.02	0.0187374
0.02	0.0189356
0.02	0.0188205
0.02	0.018814
0.02	0.0192651
0.02	0.0191252
0.02	0.0190041
0.02	0.0187682
0.02	0.0190026
0.02	0.0187754
0.02	0.0191602
0.02	0.0186595
0.02	0.0189282
0.02	0.0189755
0.02	0.0188561
0.02	0.0189812
0.02	0.0189437
0.02	0.0190155
0.02	0.0185748
0.02	0.018924
0.02	0.0189422
0.02	0.0186263
0.02	0.019314
0.02	0.0189553
0.02	0.0189488
0.02	0.0195813
0.02	0.0190111
0.02	0.0193431
0.02	0.0189773
0.02	0.0188456
0.02	0.019248
0.02	0.0190172
0.02	0.0189275
0.02	0.0190082
0.02	0.019336
0.02	0.018937
0.02	0.0190937
0.02	0.0192089
0.02	0.0191732
0.02	0.0190844
0.02	0.0190549
0.02	0.0194546
0.02	0.0191056
0.02	0.0191131
0.02	0.0189322
0.02	0.019236
0.02	0.0190522
0.02	0.019083
0.02	0.0192562
0.02	0.0191463
0.02	0.018827
0.02	0.0189022
0.02	0.0193905
0.02	0.0189715
0.02	0.0191463
0.02	0.0190947
0.02	0.0194749
0.02	0.0189367
0.02	0.0189695
0.02	0.0197433
0.02	0.0191926
0.02	0.0189721
0.02	0.0191896
0.02	0.018944
0.02	0.0191846
0.02	0.0190193
0.02	0.0189073
0.02	0.0191955
0.02	0.0195914
0.02	0.019005
0.02	0.018762
0.02	0.0185684
0.02	0.0199315
0.02	0.0189667
0.02	0.0192517
0.02	0.0189599
0.02	0.0184054
0.02	0.0194744
0.02	0.0190931
0.02	0.0190004
0.02	0.0193571
0.02	0.0193692
0.02	0.0192947
0.02	0.018778
0.02	0.0195301
0.02	0.0190515
0.02	0.0192933
0.02	0.0189758
0.02	0.0186237
0.02	0.0192025
0.02	0.01931
0.02	0.0190694
0.02	0.0187979
0.02	0.0191234
0.02	0.0196929
0.02	0.0190138
0.02	0.0193048
0.02	0.0191541
0.02	0.0192505
0.02	0.0186415
0.02	0.0191073
0.02	0.0193317
0.02	0.0193029
0.02	0.0193078
0.02	0.0189766
0.02	0.0192523
0.02	0.0195105
0.02	0.0190994
0.02	0.0194823
0.02	0.0192709
0.02	0.0193904
0.02	0.019883
0.02	0.0195109
0.02	0.0188854
0.02	0.0195363
0.02	0.0191484
0.02	0.0191948
0.02	0.0188808
0.02	0.0191878
0.02	0.0193665
0.02	0.0195709
0.02	0.0188915
0.02	0.0197101
0.02	0.0194801
0.02	0.0195328
0.02	0.0192221
0.02	0.0193223
0.02	0.0195917
0.02	0.0191602
0.02	0.0194875
0.02	0.019554
0.02	0.019525
0.02	0.0195526
0.02	0.0195713
0.02	0.0193267
0.02	0.019451
0.02	0.0188915
0.02	0.0189133
0.02	0.0189359
0.02	0.0192504
0.02	0.0187244
0.02	0.0196816
0.02	0.0194396
0.02	0.0192094
0.02	0.019291
0.02	0.0196454
0.02	0.0193417
0.02	0.0192575
0.02	0.0189998
0.02	0.0193382
0.02	0.0188952
0.02	0.0193289
0.02	0.0192958
0.02	0.0192583
0.02	0.0197465
0.02	0.0193091
0.02	0.0191217
0.02	0.0187715
0.02	0.0196636
0.02	0.0193536
0.02	0.0192536
0.02	0.0193697
0.02	0.019259
0.02	0.0198773
0.02	0.0190447
0.02	0.0189981
0.02	0.0195677
0.02	0.0192722
0.02	0.0199044
0.02	0.0193465
0.02	0.0194205
0.02	0.0196864
0.02	0.0198935
0.02	0.0193931
0.02	0.0194987
0.02	0.0194395
0.02	0.0194184
0.02	0.0196641
0.02	0.0190441
0.02	0.0196821
0.02	0.0193567
0.02	0.0195691
0.02	0.0197021
0.02	0.0188406
0.02	0.0192865
0.02	0.0190054
0.02	0.0191879
0.02	0.0193121
0.02	0.0193442
0.02	0.0193209
0.02	0.0191908
0.02	0.0194043
0.02	0.0193817
0.02	0.0194151
0.02	0.0193112
0.02	0.0191519
0.02	0.0193819
0.02	0.0192774
0.02	0.0194991
0.02	0.0196295
0.02	0.0192479
0.02	0.0197093
0.02	0.0191968
0.02	0.0193179
0.02	0.0195363
0.02	0.0190478
0.02	0.0194776
0.02	0.019585
0.02	0.0194657
0.02	0.0190917
0.02	0.0192102
0.02	0.0191812
0.02	0.0190695
0.02	0.0192287
0.02	0.0187631
0.02	0.0192798
0.02	0.0191615
0.02	0.0193086
0.02	0.019315
0.02	0.0194808
0.02	0.0192984
0.02	0.0191066
0.02	0.0187848
0.02	0.0193414
0.02	0.019433
0.02	0.0193229
0.02	0.0192194
0.02	0.0188158
0.02	0.0192595
0.02	0.0192685
0.02	0.0188451
0.02	0.0195213
0.02	0.0196028
0.02	0.0191928
0.02	0.0191592
0.02	0.0191965
0.02	0.0192524
0.02	0.0195131
0.02	0.019165
0.02	0.0191382
0.02	0.0192608
0.02	0.0197937
0.02	0.0194534
0.02	0.0192904
0.02	0.019112
0.02	0.019327
0.02	0.0193978
0.02	0.0193229
0.02	0.0194021
0.02	0.0187568
0.02	0.0192113
0.02	0.0200082
0.02	0.0192341
0.02	0.0188584
0.02	0.0193245
0.02	0.019437
0.02	0.0191091
0.02	0.0194207
0.02	0.019793
0.02	0.0190312
0.02	0.0193174
0.02	0.0196673
0.02	0.0194049
0.02	0.0194294
0.02	0.0194064
0.02	0.0191352
0.02	0.0188974
0.02	0.0195076
0.02	0.0189749
0.02	0.0192969
0.02	0.019152
0.02	0.0190969
0.02	0.0192596
0.02	0.0187191
0.02	0.0191568
0.02	0.0201148
0.02	0.0194779
0.02	0.0192049
0.02	0.0193575
0.02	0.019336
0.02	0.0195054
0.02	0.0187676
0.02	0.0189313
0.02	0.0194357
0.02	0.019423
0.02	0.0191542
0.02	0.0194567
0.02	0.0198585
0.02	0.0186197
0.02	0.0190833
0.02	0.0190661
0.02	0.0193567
0.02	0.0191389
0.02	0.0194722
0.02	0.0188656
0.02	0.0191725
0.02	0.0194576
0.02	0.0192086
0.02	0.019343
0.02	0.0197214
0.02	0.0192676
0.02	0.0192632
0.02	0.0187599
0.02	0.0193046
0.02	0.0191008
0.02	0.0191353
0.02	0.0193667
0.02	0.0188855
0.02	0.0194782
0.02	0.0193615
0.02	0.018948
0.02	0.0196914
0.02	0.0191608
